true,predicted,error,abs_error
1.0,0.9902831906185379,0.009716809381462133,0.009716809381462133
5.5,5.613082676171093,-0.1130826761710928,0.1130826761710928
5.5,4.648243516186417,0.8517564838135829,0.8517564838135829
5.5,5.773169275606713,-0.2731692756067128,0.2731692756067128
5.5,5.100838677513287,0.3991613224867132,0.3991613224867132
4.0,4.699515124220162,-0.699515124220162,0.699515124220162
4.0,4.564081739838821,-0.5640817398388212,0.5640817398388212
2.5,2.533728467315128,-0.03372846731512791,0.03372846731512791
2.5,2.4176010611732885,0.08239893882671145,0.08239893882671145
4.0,4.012098689681561,-0.012098689681560693,0.012098689681560693
4.0,3.9891622152683435,0.01083778473165653,0.01083778473165653
4.0,4.1659201495154665,-0.16592014951546652,0.16592014951546652
1.0,0.9723057805868796,0.027694219413120447,0.027694219413120447
5.5,5.906481543103126,-0.40648154310312634,0.40648154310312634
4.0,4.011825254621633,-0.011825254621633086,0.011825254621633086
4.0,5.03133254467348,-1.0313325446734796,1.0313325446734796
1.0,0.9583517319413712,0.04164826805862876,0.04164826805862876
4.0,3.977572889495818,0.02242711050418178,0.02242711050418178
5.5,6.0125367409763335,-0.5125367409763335,0.5125367409763335
5.5,4.301372689544352,1.198627310455648,1.198627310455648
2.5,3.399901169417225,-0.899901169417225,0.899901169417225
5.5,5.796851824770958,-0.2968518247709584,0.2968518247709584
4.0,4.037482252981519,-0.03748225298151908,0.03748225298151908
7.0,7.006175062171975,-0.006175062171974943,0.006175062171974943
7.0,6.972574602631891,0.027425397368109117,0.027425397368109117
4.0,3.9264522580637182,0.07354774193628177,0.07354774193628177
4.0,3.7217523107708947,0.27824768922910526,0.27824768922910526
7.0,5.6659317091248855,1.3340682908751145,1.3340682908751145
4.0,4.576411064238097,-0.5764110642380968,0.5764110642380968
4.0,3.915117195952025,0.08488280404797521,0.08488280404797521
1.0,1.0008937454600986,-0.0008937454600985717,0.0008937454600985717
5.5,5.575889733692145,-0.07588973369214536,0.07588973369214536
1.0,1.018372362063914,-0.018372362063914016,0.018372362063914016
7.0,6.976415760757339,0.023584239242660843,0.023584239242660843
4.0,4.014321267632799,-0.014321267632799284,0.014321267632799284
4.0,3.9881560123790583,0.011843987620941743,0.011843987620941743
7.0,5.597796988640809,1.402203011359191,1.402203011359191
7.0,6.94498928521375,0.05501071478624997,0.05501071478624997
7.0,6.835987104401001,0.164012895598999,0.164012895598999
4.0,4.798985305964873,-0.798985305964873,0.798985305964873
7.0,7.0080401760639806,-0.008040176063980553,0.008040176063980553
7.0,6.2834756778186165,0.7165243221813835,0.7165243221813835
1.0,1.0214447185530495,-0.021444718553049524,0.021444718553049524
7.0,6.979386817771236,0.020613182228763627,0.020613182228763627
5.5,5.735749499058658,-0.23574949905865772,0.23574949905865772
7.0,7.0034329204337675,-0.003432920433767528,0.003432920433767528
2.5,2.5766633339918457,-0.07666333399184566,0.07666333399184566
4.0,4.003063401842656,-0.003063401842656077,0.003063401842656077
4.0,3.845885362390674,0.1541146376093261,0.1541146376093261
4.0,3.9896090949630483,0.010390905036951725,0.010390905036951725
4.0,4.005909950127659,-0.005909950127659158,0.005909950127659158
5.5,5.74500506054308,-0.2450050605430798,0.2450050605430798
1.0,0.9817007677348731,0.018299232265126864,0.018299232265126864
7.0,6.992774104564244,0.0072258954357558025,0.0072258954357558025
4.0,3.8776824078496226,0.12231759215037741,0.12231759215037741
5.5,5.575951965238954,-0.07595196523895442,0.07595196523895442
2.5,2.3694263389822945,0.1305736610177055,0.1305736610177055
4.0,3.9365588097119777,0.06344119028802231,0.06344119028802231
7.0,6.884138008910763,0.11586199108923712,0.11586199108923712
5.5,5.761127701034178,-0.26112770103417837,0.26112770103417837
1.0,1.1365200370434543,-0.13652003704345428,0.13652003704345428
7.0,7.0038038999477354,-0.003803899947735445,0.003803899947735445
7.0,6.980350029958184,0.01964997004181601,0.01964997004181601
1.0,1.0125771759870972,-0.012577175987097178,0.012577175987097178
5.5,5.661567382297319,-0.16156738229731893,0.16156738229731893
4.0,3.986972249424773,0.013027750575226982,0.013027750575226982
4.0,4.00424213240089,-0.004242132400889886,0.004242132400889886
4.0,3.899253856264809,0.10074614373519086,0.10074614373519086
4.0,4.683763523325705,-0.6837635233257053,0.6837635233257053
4.0,4.524980446411709,-0.5249804464117087,0.5249804464117087
1.0,1.0297896099942456,-0.029789609994245625,0.029789609994245625
1.0,0.9399319952051146,0.06006800479488539,0.06006800479488539
4.0,4.021533739997508,-0.021533739997508405,0.021533739997508405
4.0,4.548698473772803,-0.5486984737728031,0.5486984737728031
4.0,3.6324115566682367,0.3675884433317633,0.3675884433317633
7.0,7.014617063598369,-0.014617063598368674,0.014617063598368674
7.0,7.019381547793614,-0.019381547793614118,0.019381547793614118
5.5,5.475375700318821,0.02462429968117874,0.02462429968117874
4.0,4.168420148250949,-0.16842014825094864,0.16842014825094864
4.0,4.5109575062852,-0.5109575062851999,0.5109575062851999
7.0,6.786878444373042,0.2131215556269579,0.2131215556269579
4.0,4.001556800457927,-0.0015568004579273875,0.0015568004579273875
5.5,5.68101194642132,-0.1810119464213198,0.1810119464213198
4.0,4.365678380622003,-0.3656783806220032,0.3656783806220032
7.0,6.998390107243973,0.0016098927560266318,0.0016098927560266318
5.5,5.980773760065967,-0.4807737600659667,0.4807737600659667
4.0,4.011125848147511,-0.011125848147511164,0.011125848147511164
4.0,4.637862224191282,-0.6378622241912817,0.6378622241912817
4.0,4.018947504869368,-0.01894750486936836,0.01894750486936836
5.5,5.6253547978968825,-0.12535479789688253,0.12535479789688253
1.0,0.9968061642557344,0.003193835744265572,0.003193835744265572
5.5,4.95555990633137,0.54444009366863,0.54444009366863
7.0,7.025869419598464,-0.025869419598463672,0.025869419598463672
4.0,4.395888401659037,-0.39588840165903694,0.39588840165903694
4.0,3.6844439208023325,0.3155560791976675,0.3155560791976675
4.0,4.005821289386255,-0.005821289386254591,0.005821289386254591
4.0,3.915845450053399,0.08415454994660099,0.08415454994660099
5.5,6.05431353014513,-0.5543135301451301,0.5543135301451301
1.0,0.9890525983898301,0.010947401610169938,0.010947401610169938
4.0,4.011390185820175,-0.011390185820174814,0.011390185820174814
4.0,4.064512619533737,-0.06451261953373688,0.06451261953373688
4.0,4.483320690615947,-0.4833206906159466,0.4833206906159466
7.0,7.000238396304469,-0.0002383963044687576,0.0002383963044687576
7.0,5.5744862257308805,1.4255137742691195,1.4255137742691195
2.5,2.4151709972242728,0.08482900277572725,0.08482900277572725
5.5,4.814260829328578,0.6857391706714218,0.6857391706714218
7.0,7.003401156408483,-0.0034011564084828194,0.0034011564084828194
4.0,4.045729535438728,-0.04572953543872771,0.04572953543872771
7.0,7.00041088778034,-0.0004108877803403743,0.0004108877803403743
4.0,4.00666198012749,-0.006661980127489642,0.006661980127489642
4.0,4.41666566725357,-0.4166656672535698,0.4166656672535698
1.0,1.0883102669639997,-0.08831026696399968,0.08831026696399968
1.0,1.1159036699998681,-0.11590366999986812,0.11590366999986812
2.5,2.5111460046573395,-0.011146004657339503,0.011146004657339503
5.5,5.470132401256292,0.029867598743708257,0.029867598743708257
5.5,4.995987635358674,0.5040123646413264,0.5040123646413264
5.5,5.712581561365671,-0.2125815613656714,0.2125815613656714
5.5,4.860915261338018,0.6390847386619818,0.6390847386619818
4.0,3.929145418211633,0.07085458178836701,0.07085458178836701
7.0,6.859718402815325,0.14028159718467492,0.14028159718467492
1.0,0.9876886506408598,0.012311349359140245,0.012311349359140245
5.5,4.336470614745772,1.163529385254228,1.163529385254228
1.0,1.0026087497683063,-0.0026087497683062733,0.0026087497683062733
4.0,4.001326306931531,-0.0013263069315305742,0.0013263069315305742
4.0,3.9597386387658275,0.040261361234172455,0.040261361234172455
5.5,5.6723323896579565,-0.1723323896579565,0.1723323896579565
4.0,4.040246972329082,-0.04024697232908192,0.04024697232908192
5.5,4.377969022865038,1.122030977134962,1.122030977134962
7.0,6.9832919696884925,0.01670803031150747,0.01670803031150747
7.0,7.018339190630213,-0.018339190630213054,0.018339190630213054
4.0,4.6770760846258215,-0.6770760846258215,0.6770760846258215
7.0,6.0745513981709065,0.9254486018290935,0.9254486018290935
5.5,5.505383680669018,-0.005383680669018176,0.005383680669018176
4.0,4.025995704542325,-0.025995704542324916,0.025995704542324916
4.0,4.254506397408346,-0.25450639740834635,0.25450639740834635
4.0,3.9066432748606172,0.09335672513938276,0.09335672513938276
4.0,3.925055676563288,0.07494432343671198,0.07494432343671198
4.0,3.9813792454966634,0.018620754503336556,0.018620754503336556
7.0,6.834072202895372,0.16592779710462757,0.16592779710462757
4.0,3.807582236036736,0.19241776396326404,0.19241776396326404
4.0,3.4842433028966258,0.5157566971033742,0.5157566971033742
5.5,5.537104154184757,-0.037104154184756766,0.037104154184756766
1.0,1.092568089692626,-0.09256808969262598,0.09256808969262598
2.5,2.6038771712223916,-0.1038771712223916,0.1038771712223916
7.0,7.024909411904556,-0.024909411904555867,0.024909411904555867
4.0,3.6467637829085,0.3532362170915002,0.3532362170915002
5.5,5.489694962222587,0.010305037777412984,0.010305037777412984
5.5,5.470540671989781,0.02945932801021911,0.02945932801021911
5.5,6.100535695344913,-0.600535695344913,0.600535695344913
7.0,7.015035681261276,-0.015035681261275968,0.015035681261275968
7.0,7.001080465646395,-0.00108046564639519,0.00108046564639519
4.0,3.996746525655742,0.003253474344258045,0.003253474344258045
1.0,1.0971098776841584,-0.09710987768415835,0.09710987768415835
5.5,5.381326291231259,0.11867370876874084,0.11867370876874084
4.0,4.003084480518219,-0.0030844805182193014,0.0030844805182193014
7.0,6.14730075563973,0.8526992443602701,0.8526992443602701
5.5,4.399989388340812,1.1000106116591883,1.1000106116591883
2.5,2.562535823702491,-0.06253582370249111,0.06253582370249111
2.5,2.6185246226092582,-0.11852462260925822,0.11852462260925822
4.0,4.0136355632745815,-0.013635563274581486,0.013635563274581486
7.0,7.003147927857296,-0.003147927857296118,0.003147927857296118
4.0,4.2496388304601505,-0.24963883046015045,0.24963883046015045
4.0,3.8882195570962503,0.11178044290374967,0.11178044290374967
4.0,3.945158746578616,0.05484125342138402,0.05484125342138402
4.0,4.7526338235494325,-0.7526338235494325,0.7526338235494325
5.5,5.648983435983321,-0.14898343598332087,0.14898343598332087
1.0,0.9959208190912033,0.004079180908796665,0.004079180908796665
7.0,7.022062329285333,-0.02206232928533325,0.02206232928533325
4.0,4.01371775865862,-0.013717758658620127,0.013717758658620127
4.0,3.886668503456144,0.11333149654385588,0.11333149654385588
5.5,5.483498839309274,0.01650116069072638,0.01650116069072638
4.0,4.391632334640379,-0.39163233464037894,0.39163233464037894
7.0,6.072404880272593,0.9275951197274068,0.9275951197274068
5.5,5.650286185748827,-0.15028618574882735,0.15028618574882735
5.5,5.633062687954668,-0.13306268795466814,0.13306268795466814
7.0,6.994883809494283,0.0051161905057171,0.0051161905057171
1.0,0.9562900296358261,0.0437099703641739,0.0437099703641739
5.5,4.663219690812869,0.8367803091871311,0.8367803091871311
4.0,3.5696522809966735,0.43034771900332647,0.43034771900332647
7.0,6.815523272576111,0.1844767274238892,0.1844767274238892
4.0,4.00394054926085,-0.00394054926085019,0.00394054926085019
5.5,5.039975852233426,0.46002414776657385,0.46002414776657385
5.5,5.511862791239797,-0.011862791239797055,0.011862791239797055
7.0,6.984314732762391,0.015685267237609324,0.015685267237609324
4.0,4.81037418804861,-0.81037418804861,0.81037418804861
4.0,4.114385849892185,-0.11438584989218459,0.11438584989218459
7.0,7.015649972620307,-0.015649972620306762,0.015649972620306762
4.0,4.008519506407226,-0.008519506407226096,0.008519506407226096
5.5,6.260212921830926,-0.7602129218309264,0.7602129218309264
5.5,5.53554475093941,-0.03554475093941001,0.03554475093941001
7.0,7.02085021713679,-0.020850217136789695,0.020850217136789695
5.5,5.0990476958689825,0.40095230413101746,0.40095230413101746
7.0,7.0131757297662665,-0.013175729766266464,0.013175729766266464
5.5,5.573378649332776,-0.07337864933277594,0.07337864933277594
4.0,3.9964521308282626,0.003547869171737439,0.003547869171737439
4.0,3.9959961992492667,0.004003800750733255,0.004003800750733255
5.5,6.079044393137728,-0.5790443931377283,0.5790443931377283
4.0,4.012779210364171,-0.012779210364170623,0.012779210364170623
4.0,3.998363239905591,0.001636760094409162,0.001636760094409162
7.0,7.0016736000265585,-0.001673600026558475,0.001673600026558475
4.0,3.9429811021512955,0.05701889784870451,0.05701889784870451
7.0,6.928607116821233,0.07139288317876691,0.07139288317876691
7.0,5.62529110438213,1.3747088956178697,1.3747088956178697
5.5,5.396464602929698,0.1035353970703019,0.1035353970703019
7.0,6.4707662022790915,0.5292337977209085,0.5292337977209085
7.0,6.867947559217503,0.13205244078249656,0.13205244078249656
5.5,5.598924551243463,-0.09892455124346267,0.09892455124346267
4.0,4.004338476701131,-0.004338476701130745,0.004338476701130745
2.5,2.612025729058593,-0.1120257290585931,0.1120257290585931
5.5,5.5311255762372,-0.03112557623719958,0.03112557623719958
5.5,4.755129183744291,0.744870816255709,0.744870816255709
1.0,0.9149139364137715,0.0850860635862285,0.0850860635862285
4.0,3.9983549933841016,0.0016450066158983923,0.0016450066158983923
1.0,0.9776761923554639,0.02232380764453612,0.02232380764453612
7.0,6.96398103895876,0.036018961041239805,0.036018961041239805
4.0,4.010518452627166,-0.01051845262716622,0.01051845262716622
1.0,1.0083158523923568,-0.00831585239235677,0.00831585239235677
7.0,6.86492986008885,0.13507013991115002,0.13507013991115002
7.0,7.000044592235781,-4.459223578123783e-05,4.459223578123783e-05
5.5,6.081961619773944,-0.5819616197739439,0.5819616197739439
1.0,0.9459058159975788,0.054094184002421164,0.054094184002421164
5.5,5.367729732211322,0.13227026778867756,0.13227026778867756
7.0,6.898951258648368,0.10104874135163211,0.10104874135163211
7.0,6.811163556872377,0.18883644312762282,0.18883644312762282
5.5,4.180204429559775,1.3197955704402249,1.3197955704402249
4.0,3.6164072520344543,0.38359274796554566,0.38359274796554566
4.0,3.9063084310415315,0.09369156895846853,0.09369156895846853
5.5,4.37045417152645,1.1295458284735496,1.1295458284735496
4.0,3.9510483265330336,0.04895167346696638,0.04895167346696638
5.5,5.466778929152299,0.033221070847701206,0.033221070847701206
5.5,5.520687611844813,-0.020687611844812714,0.020687611844812714
4.0,4.503842781559484,-0.5038427815594844,0.5038427815594844
7.0,5.868427793528177,1.131572206471823,1.131572206471823
5.5,5.286390287788658,0.21360971221134228,0.21360971221134228
5.5,5.796923527008074,-0.2969235270080741,0.2969235270080741
7.0,5.523277737569327,1.4767222624306733,1.4767222624306733
4.0,3.9986442448345696,0.0013557551654304056,0.0013557551654304056
7.0,6.199846244874381,0.8001537551256188,0.8001537551256188
4.0,3.4882647817237213,0.5117352182762787,0.5117352182762787
5.5,6.2053911696279895,-0.7053911696279895,0.7053911696279895
4.0,4.080931180430912,-0.08093118043091163,0.08093118043091163
5.5,5.655351698680712,-0.15535169868071197,0.15535169868071197
4.0,4.314269109611865,-0.3142691096118648,0.3142691096118648
7.0,6.945630639646834,0.05436936035316631,0.05436936035316631
4.0,4.0284902243552985,-0.028490224355298466,0.028490224355298466
7.0,7.018207276776396,-0.018207276776395886,0.018207276776395886
4.0,3.9754148520739716,0.024585147926028394,0.024585147926028394
4.0,4.454995417531495,-0.454995417531495,0.454995417531495
4.0,4.925613781573142,-0.9256137815731416,0.9256137815731416
7.0,6.274715629623443,0.7252843703765572,0.7252843703765572
4.0,4.022958524197856,-0.022958524197855823,0.022958524197855823
7.0,6.330393687246987,0.6696063127530127,0.6696063127530127
4.0,4.335598948501038,-0.3355989485010378,0.3355989485010378
2.5,3.362667563328899,-0.8626675633288992,0.8626675633288992
4.0,3.958837073329359,0.04116292667064103,0.04116292667064103
5.5,5.519470750865731,-0.01947075086573058,0.01947075086573058
7.0,6.736371088750405,0.26362891124959464,0.26362891124959464
4.0,4.0242733595325575,-0.024273359532557492,0.024273359532557492
1.0,1.0472627089574122,-0.04726270895741225,0.04726270895741225
5.5,4.938719490133673,0.5612805098663269,0.5612805098663269
4.0,3.9404224525950946,0.059577547404905395,0.059577547404905395
4.0,4.422324869982984,-0.422324869982984,0.422324869982984
7.0,6.61010528913452,0.3898947108654802,0.3898947108654802
7.0,7.018399552466325,-0.018399552466324742,0.018399552466324742
7.0,6.852529835948405,0.14747016405159474,0.14747016405159474
4.0,3.9917720519491673,0.008227948050832712,0.008227948050832712
4.0,3.9896372230175015,0.010362776982498545,0.010362776982498545
5.5,5.485817284242697,0.014182715757303122,0.014182715757303122
1.0,0.9450297542275616,0.054970245772438364,0.054970245772438364
1.0,1.2661650665209896,-0.2661650665209896,0.2661650665209896
7.0,6.983840575266346,0.016159424733653616,0.016159424733653616
5.5,5.561207415500128,-0.06120741550012809,0.06120741550012809
4.0,4.4521613119304115,-0.45216131193041154,0.45216131193041154
5.5,5.811603868747882,-0.3116038687478824,0.3116038687478824
1.0,1.043972011769566,-0.04397201176956611,0.04397201176956611
4.0,4.309946361519819,-0.3099463615198186,0.3099463615198186
7.0,6.952857579261199,0.04714242073880115,0.04714242073880115
4.0,4.425581248275344,-0.4255812482753436,0.4255812482753436
5.5,5.525768493957322,-0.02576849395732239,0.02576849395732239
4.0,4.184242990886567,-0.18424299088656682,0.18424299088656682
5.5,5.601464598195852,-0.10146459819585196,0.10146459819585196
4.0,4.091552436291925,-0.09155243629192533,0.09155243629192533
7.0,7.01218131831833,-0.012181318318329915,0.012181318318329915
5.5,6.747524837034044,-1.2475248370340442,1.2475248370340442
4.0,4.016831779649018,-0.016831779649018053,0.016831779649018053
7.0,6.963670341687582,0.03632965831241819,0.03632965831241819
5.5,5.496851912308067,0.003148087691933199,0.003148087691933199
5.5,4.474570540428365,1.025429459571635,1.025429459571635
7.0,7.020964232621355,-0.020964232621355272,0.020964232621355272
7.0,6.982548179294334,0.01745182070566642,0.01745182070566642
2.5,2.5707389896783925,-0.07073898967839254,0.07073898967839254
4.0,4.079447236438353,-0.07944723643835339,0.07944723643835339
7.0,6.260706171120822,0.7392938288791777,0.7392938288791777
4.0,4.298375793133977,-0.2983757931339772,0.2983757931339772
4.0,4.179650816427692,-0.1796508164276922,0.1796508164276922
4.0,4.1033444738327125,-0.1033444738327125,0.1033444738327125
7.0,5.982661045921698,1.0173389540783022,1.0173389540783022
5.5,5.660926973851472,-0.16092697385147225,0.16092697385147225
2.5,2.433136625265168,0.06686337473483217,0.06686337473483217
4.0,3.599226365658839,0.400773634341161,0.400773634341161
4.0,4.259862392316372,-0.2598623923163723,0.2598623923163723
7.0,6.9797703448292445,0.02022965517075548,0.02022965517075548
4.0,4.0136897841007535,-0.0136897841007535,0.0136897841007535
4.0,4.020107996559064,-0.020107996559064034,0.020107996559064034
5.5,5.184414946775177,0.3155850532248232,0.3155850532248232
4.0,4.539694376106731,-0.5396943761067314,0.5396943761067314
7.0,6.9836596054980955,0.0163403945019045,0.0163403945019045
7.0,7.023467069923408,-0.023467069923407635,0.023467069923407635
7.0,7.021899856610283,-0.021899856610282598,0.021899856610282598
4.0,4.5045098521545714,-0.5045098521545714,0.5045098521545714
1.0,1.0235466819965395,-0.02354668199653953,0.02354668199653953
7.0,7.022485229987008,-0.02248522998700775,0.02248522998700775
1.0,1.0031885765963784,-0.0031885765963783896,0.0031885765963783896
1.0,0.9260578985945036,0.0739421014054964,0.0739421014054964
4.0,4.00783717591039,-0.007837175910389682,0.007837175910389682
7.0,7.011142700858519,-0.011142700858519206,0.011142700858519206
4.0,4.216424627740698,-0.2164246277406976,0.2164246277406976
1.0,1.0093098452582134,-0.009309845258213434,0.009309845258213434
4.0,3.7765555670413153,0.22344443295868466,0.22344443295868466
5.5,5.697094325936851,-0.19709432593685072,0.19709432593685072
4.0,3.9793985346055374,0.020601465394462615,0.020601465394462615
1.0,1.11773223754449,-0.11773223754449003,0.11773223754449003
5.5,5.476035894587122,0.023964105412877856,0.023964105412877856
5.5,5.435703939148117,0.06429606085188322,0.06429606085188322
4.0,4.616145295649147,-0.6161452956491473,0.6161452956491473
5.5,5.255477411923464,0.24452258807653582,0.24452258807653582
7.0,5.804142628406234,1.1958573715937657,1.1958573715937657
4.0,3.9715599658070344,0.02844003419296559,0.02844003419296559
7.0,7.019600763969815,-0.019600763969815027,0.019600763969815027
2.5,2.575195683386749,-0.07519568338674887,0.07519568338674887
2.5,2.5325315561010413,-0.0325315561010413,0.0325315561010413
4.0,4.507468114284187,-0.5074681142841868,0.5074681142841868
5.5,6.0283126285509905,-0.5283126285509905,0.5283126285509905
5.5,6.098111114204591,-0.598111114204591,0.598111114204591
1.0,1.0300774543722273,-0.030077454372227308,0.030077454372227308
4.0,3.9187587037651896,0.08124129623481036,0.08124129623481036
7.0,6.966070158493839,0.033929841506161296,0.033929841506161296
5.5,5.857227025561575,-0.35722702556157504,0.35722702556157504
5.5,5.569052587927811,-0.06905258792781144,0.06905258792781144
4.0,3.9286841770751435,0.0713158229248565,0.0713158229248565
7.0,5.59629584965627,1.4037041503437298,1.4037041503437298
4.0,4.002912430809405,-0.0029124308094052864,0.0029124308094052864
7.0,7.015767365853318,-0.015767365853317727,0.015767365853317727
7.0,7.038959718320983,-0.03895971832098333,0.03895971832098333
7.0,6.999589359608559,0.00041064039144078635,0.00041064039144078635
7.0,7.016889563041581,-0.01688956304158129,0.01688956304158129
4.0,4.294047921727033,-0.2940479217270333,0.2940479217270333
4.0,4.162480261600401,-0.1624802616004013,0.1624802616004013
5.5,5.64913506476325,-0.1491350647632501,0.1491350647632501
4.0,4.1962154394291415,-0.19621543942914155,0.19621543942914155
4.0,4.000131935436416,-0.00013193543641598637,0.00013193543641598637
5.5,5.847392607276356,-0.34739260727635557,0.34739260727635557
2.5,2.519375559181198,-0.019375559181197932,0.019375559181197932
4.0,4.12388120951518,-0.12388120951518022,0.12388120951518022
4.0,4.006258054352832,-0.006258054352832332,0.006258054352832332
4.0,3.951846855462738,0.04815314453726183,0.04815314453726183
2.5,2.546126016204661,-0.046126016204660836,0.046126016204660836
5.5,4.5606995882423105,0.9393004117576895,0.9393004117576895
4.0,5.210580362811901,-1.2105803628119007,1.2105803628119007
4.0,4.013397509924493,-0.013397509924493178,0.013397509924493178
4.0,4.376134166423551,-0.3761341664235509,0.3761341664235509
4.0,4.059131711484139,-0.05913171148413898,0.05913171148413898
4.0,3.998309373862872,0.001690626137127893,0.001690626137127893
7.0,6.005088202118513,0.9949117978814872,0.9949117978814872
7.0,7.015138506977587,-0.01513850697758734,0.01513850697758734
7.0,7.015192399058404,-0.015192399058403971,0.015192399058403971
4.0,4.013444950494576,-0.013444950494576169,0.013444950494576169
4.0,3.9333293654427854,0.06667063455721456,0.06667063455721456
5.5,5.438756865536063,0.06124313446393703,0.06124313446393703
5.5,5.6952385694488665,-0.19523856944886653,0.19523856944886653
5.5,5.619717445037806,-0.11971744503780624,0.11971744503780624
1.0,0.9099908255392553,0.09000917446074475,0.09000917446074475
7.0,6.998797674371481,0.0012023256285189632,0.0012023256285189632
4.0,4.5450645847157105,-0.5450645847157105,0.5450645847157105
4.0,3.911229554001924,0.08877044599807604,0.08877044599807604
7.0,7.060842078830369,-0.06084207883036896,0.06084207883036896
5.5,6.0024830344155236,-0.5024830344155236,0.5024830344155236
5.5,4.41765822235263,1.08234177764737,1.08234177764737
4.0,4.1026429232512855,-0.10264292325128554,0.10264292325128554
2.5,2.6062745295349643,-0.1062745295349643,0.1062745295349643
4.0,3.859262207527805,0.1407377924721951,0.1407377924721951
4.0,4.12831220478566,-0.12831220478565974,0.12831220478565974
4.0,3.884627253739777,0.1153727462602232,0.1153727462602232
4.0,3.8801276133422755,0.11987238665772448,0.11987238665772448
1.0,0.9786640417658495,0.021335958234150465,0.021335958234150465
4.0,4.006742858238961,-0.006742858238960814,0.006742858238960814
5.5,5.859867909913805,-0.35986790991380513,0.35986790991380513
4.0,3.94795349202047,0.05204650797952981,0.05204650797952981
4.0,4.049713126116894,-0.04971312611689438,0.04971312611689438
5.5,4.474914678133317,1.0250853218666833,1.0250853218666833
4.0,3.5683456259842377,0.43165437401576234,0.43165437401576234
4.0,4.303512648910239,-0.3035126489102389,0.3035126489102389
7.0,6.7368600496990405,0.2631399503009595,0.2631399503009595
4.0,4.9617737138704365,-0.9617737138704365,0.9617737138704365
2.5,3.579520479607297,-1.079520479607297,1.079520479607297
5.5,4.823103343581971,0.6768966564180294,0.6768966564180294
4.0,4.157611003824011,-0.1576110038240106,0.1576110038240106
4.0,3.991412302680849,0.00858769731915121,0.00858769731915121
7.0,6.942220719641254,0.05777928035874602,0.05777928035874602
7.0,7.020203705121549,-0.02020370512154912,0.02020370512154912
5.5,6.062031153567483,-0.5620311535674833,0.5620311535674833
1.0,0.9956218852499725,0.004378114750027473,0.004378114750027473
5.5,4.782936987985715,0.7170630120142851,0.7170630120142851
4.0,3.9975197443292574,0.002480255670742615,0.002480255670742615
4.0,4.023253351995629,-0.023253351995628613,0.023253351995628613
7.0,6.926060455430004,0.07393954456999641,0.07393954456999641
5.5,5.64572079978757,-0.14572079978757024,0.14572079978757024
4.0,4.022781466141779,-0.022781466141778672,0.022781466141778672
4.0,4.0020459366176375,-0.0020459366176375227,0.0020459366176375227
7.0,7.009599744519623,-0.009599744519623421,0.009599744519623421
5.5,5.971520990337494,-0.47152099033749373,0.47152099033749373
7.0,7.017710802792752,-0.01771080279275239,0.01771080279275239
4.0,3.9646691139439065,0.03533088605609347,0.03533088605609347
7.0,6.914936793378318,0.08506320662168232,0.08506320662168232
5.5,5.791639741950144,-0.29163974195014397,0.29163974195014397
7.0,7.015076771161007,-0.015076771161006697,0.015076771161006697
4.0,3.981540661319574,0.01845933868042593,0.01845933868042593
4.0,3.995472418624356,0.004527581375644019,0.004527581375644019
5.5,5.599717586555228,-0.09971758655522844,0.09971758655522844
4.0,4.30124236045464,-0.3012423604546397,0.3012423604546397
7.0,7.020696332191216,-0.020696332191215916,0.020696332191215916
4.0,3.955021359401062,0.04497864059893786,0.04497864059893786
4.0,4.161191237780459,-0.16119123778045896,0.16119123778045896
7.0,6.995286645431692,0.004713354568307793,0.004713354568307793
5.5,5.649712549616609,-0.14971254961660918,0.14971254961660918
4.0,4.081747736751284,-0.081747736751284,0.081747736751284
7.0,6.396152418957796,0.6038475810422037,0.6038475810422037
5.5,5.783861787971139,-0.2838617879711389,0.2838617879711389
4.0,4.5322999770146835,-0.5322999770146835,0.5322999770146835
5.5,5.804207745995182,-0.30420774599518197,0.30420774599518197
4.0,4.247994665281439,-0.2479946652814391,0.2479946652814391
2.5,2.411959200979715,0.08804079902028494,0.08804079902028494
5.5,5.822521030488133,-0.32252103048813296,0.32252103048813296
4.0,4.013479953742748,-0.01347995374274813,0.01347995374274813
7.0,7.014695449648642,-0.014695449648641556,0.014695449648641556
4.0,4.920178180443784,-0.9201781804437843,0.9201781804437843
5.5,6.118954199241862,-0.6189541992418617,0.6189541992418617
4.0,3.9803747210974953,0.01962527890250465,0.01962527890250465
1.0,0.9905277963162185,0.009472203683781544,0.009472203683781544
4.0,3.9257759713566514,0.07422402864334865,0.07422402864334865
4.0,3.9212060217271856,0.07879397827281442,0.07879397827281442
7.0,7.017346684272675,-0.017346684272674828,0.017346684272674828
4.0,3.8596113492713973,0.14038865072860274,0.14038865072860274
4.0,4.523804015058894,-0.5238040150588938,0.5238040150588938
7.0,6.847225345935778,0.1527746540642223,0.1527746540642223
5.5,4.4906009521607295,1.0093990478392705,1.0093990478392705
4.0,3.7018407291518605,0.29815927084813953,0.29815927084813953
5.5,5.6800260987681765,-0.18002609876817655,0.18002609876817655
5.5,5.723146860200176,-0.22314686020017582,0.22314686020017582
4.0,3.802753603241825,0.197246396758175,0.197246396758175
2.5,2.493167073401962,0.006832926598038025,0.006832926598038025
4.0,4.710643955449675,-0.7106439554496751,0.7106439554496751
5.5,5.792844774590437,-0.2928447745904368,0.2928447745904368
4.0,3.949387559865257,0.050612440134742975,0.050612440134742975
4.0,3.949243843591492,0.05075615640850817,0.05075615640850817
4.0,4.071198306436712,-0.07119830643671232,0.07119830643671232
4.0,3.899125207844178,0.10087479215582196,0.10087479215582196
5.5,6.188411375603158,-0.6884113756031578,0.6884113756031578
4.0,4.025159598370249,-0.025159598370248837,0.025159598370248837
4.0,4.119163912719554,-0.11916391271955362,0.11916391271955362
7.0,6.893993097018317,0.10600690298168303,0.10600690298168303
7.0,6.978698775397518,0.02130122460248174,0.02130122460248174
1.0,1.3744169063604705,-0.37441690636047054,0.37441690636047054
1.0,0.988850499600271,0.011149500399728951,0.011149500399728951
4.0,4.1289880177314595,-0.12898801773145951,0.12898801773145951
5.5,5.906541713593528,-0.4065417135935281,0.4065417135935281
2.5,2.564832888097251,-0.06483288809725085,0.06483288809725085
4.0,3.973082856160351,0.02691714383964916,0.02691714383964916
2.5,2.6725690222749345,-0.17256902227493454,0.17256902227493454
4.0,4.016433984628577,-0.016433984628577036,0.016433984628577036
1.0,1.2068475885179355,-0.2068475885179355,0.2068475885179355
4.0,4.0116469232318295,-0.011646923231829476,0.011646923231829476
2.5,2.426640619703995,0.07335938029600486,0.07335938029600486
2.5,3.73447025378041,-1.23447025378041,1.23447025378041
5.5,5.421736796137384,0.07826320386261632,0.07826320386261632
4.0,4.409939492811656,-0.409939492811656,0.409939492811656
4.0,3.987213040216895,0.012786959783105178,0.012786959783105178
5.5,5.919051441033561,-0.4190514410335613,0.4190514410335613
4.0,4.168426797010339,-0.1684267970103388,0.1684267970103388
1.0,1.0616815113376559,-0.06168151133765587,0.06168151133765587
4.0,3.925440226967816,0.07455977303218386,0.07455977303218386
2.5,2.51286873308045,-0.012868733080449779,0.012868733080449779
7.0,6.788650848984976,0.21134915101502383,0.21134915101502383
4.0,4.4450391403429945,-0.4450391403429945,0.4450391403429945
1.0,1.132614917971599,-0.13261491797159897,0.13261491797159897
5.5,5.945918115709652,-0.44591811570965234,0.44591811570965234
4.0,4.01711309952959,-0.01711309952959006,0.01711309952959006
4.0,4.2666440262193035,-0.2666440262193035,0.2666440262193035
5.5,4.270068685125448,1.2299313148745519,1.2299313148745519
4.0,4.794709011682518,-0.7947090116825182,0.7947090116825182
4.0,5.079662945803209,-1.079662945803209,1.079662945803209
5.5,6.065986816441352,-0.5659868164413524,0.5659868164413524
5.5,4.906698104729865,0.5933018952701348,0.5933018952701348
5.5,5.549191102932333,-0.04919110293233331,0.04919110293233331
4.0,4.520577421904392,-0.5205774219043917,0.5205774219043917
4.0,3.560317277345791,0.4396827226542088,0.4396827226542088
5.5,5.522878690748262,-0.022878690748261654,0.022878690748261654
4.0,4.235308373704751,-0.23530837370475144,0.23530837370475144
4.0,4.216004746756027,-0.21600474675602666,0.21600474675602666
5.5,6.623827403013063,-1.1238274030130633,1.1238274030130633
5.5,4.601124093734559,0.8988759062654408,0.8988759062654408
5.5,5.603922503974928,-0.1039225039749283,0.1039225039749283
7.0,7.017884392983976,-0.017884392983975594,0.017884392983975594
7.0,7.02080328149208,-0.020803281492080217,0.020803281492080217
5.5,5.786547461050646,-0.2865474610506462,0.2865474610506462
4.0,3.911563167459798,0.08843683254020185,0.08843683254020185
4.0,4.0529361538597986,-0.05293615385979855,0.05293615385979855
4.0,4.379151743344613,-0.37915174334461277,0.37915174334461277
5.5,6.157695447279634,-0.6576954472796341,0.6576954472796341
1.0,0.9968741359431592,0.003125864056840788,0.003125864056840788
7.0,6.05774303153116,0.9422569684688398,0.9422569684688398
5.5,4.180788879600904,1.3192111203990962,1.3192111203990962
4.0,3.896959483406013,0.10304051659398716,0.10304051659398716
4.0,4.296864631535173,-0.29686463153517284,0.29686463153517284
7.0,6.995616544893252,0.004383455106747647,0.004383455106747647
4.0,3.9681201507838773,0.031879849216122746,0.031879849216122746
4.0,3.928280527100754,0.07171947289924585,0.07171947289924585
7.0,6.928235051598575,0.07176494840142489,0.07176494840142489
2.5,2.553365545194385,-0.05336554519438508,0.05336554519438508
4.0,3.9601296598752316,0.03987034012476842,0.03987034012476842
2.5,2.526743509158395,-0.026743509158395184,0.026743509158395184
1.0,0.9387895021453359,0.06121049785466415,0.06121049785466415
5.5,5.650504806804828,-0.15050480680482803,0.15050480680482803
5.5,5.70091532766858,-0.20091532766857956,0.20091532766857956
2.5,2.520096545444215,-0.020096545444214797,0.020096545444214797
7.0,7.000307310567038,-0.00030731056703814374,0.00030731056703814374
4.0,3.9992431706695535,0.0007568293304465179,0.0007568293304465179
2.5,2.4832276891776903,0.016772310822309677,0.016772310822309677
5.5,6.10744183125939,-0.6074418312593899,0.6074418312593899
4.0,3.9220872088331395,0.07791279116686045,0.07791279116686045
1.0,1.0301927513683193,-0.030192751368319337,0.030192751368319337
5.5,4.459658208922285,1.040341791077715,1.040341791077715
2.5,2.4367966427639365,0.06320335723606352,0.06320335723606352
4.0,4.253638398497303,-0.2536383984973032,0.2536383984973032
4.0,4.1070183155343045,-0.10701831553430452,0.10701831553430452
5.5,5.618246372565215,-0.1182463725652152,0.1182463725652152
1.0,1.094869735019733,-0.09486973501973295,0.09486973501973295
5.5,5.95109395365224,-0.45109395365224003,0.45109395365224003
4.0,4.341767216805598,-0.3417672168055983,0.3417672168055983
4.0,4.0224915295704315,-0.022491529570431545,0.022491529570431545
7.0,7.021200984090811,-0.021200984090810948,0.021200984090810948
4.0,4.528894416174172,-0.5288944161741718,0.5288944161741718
4.0,3.961908685018435,0.03809131498156493,0.03809131498156493
7.0,7.011811709060668,-0.011811709060667752,0.011811709060667752
4.0,3.9775091189677094,0.022490881032290577,0.022490881032290577
4.0,4.44486889587329,-0.4448688958732898,0.4448688958732898
7.0,7.001237466202011,-0.0012374662020109284,0.0012374662020109284
4.0,3.8324500201453993,0.16754997985460074,0.16754997985460074
4.0,3.9960411140546492,0.003958885945350765,0.003958885945350765
4.0,4.609016701267532,-0.6090167012675316,0.6090167012675316
4.0,3.8156160095707072,0.18438399042929277,0.18438399042929277
4.0,4.6736397105223855,-0.6736397105223855,0.6736397105223855
7.0,6.0760662437304305,0.9239337562695695,0.9239337562695695
7.0,7.016377328841886,-0.016377328841885586,0.016377328841885586
4.0,4.623059916244266,-0.6230599162442658,0.6230599162442658
5.5,5.8532083478181125,-0.3532083478181125,0.3532083478181125
4.0,4.003169763615272,-0.003169763615272103,0.003169763615272103
7.0,6.975566854119297,0.024433145880703222,0.024433145880703222
5.5,5.813762642216322,-0.31376264221632244,0.31376264221632244
4.0,4.598483711461119,-0.5984837114611192,0.5984837114611192
5.5,5.594258384082359,-0.09425838408235876,0.09425838408235876
2.5,2.3829980542123734,0.11700194578762657,0.11700194578762657
4.0,4.451444504000534,-0.45144450400053415,0.45144450400053415
7.0,6.7301938195029205,0.2698061804970795,0.2698061804970795
5.5,5.641932762463336,-0.14193276246333575,0.14193276246333575
7.0,6.5603378800083085,0.43966211999169147,0.43966211999169147
4.0,4.226857081943356,-0.22685708194335596,0.22685708194335596
4.0,4.008557748933029,-0.008557748933029075,0.008557748933029075
2.5,2.5977474951047563,-0.09774749510475633,0.09774749510475633
4.0,3.9979924821919783,0.002007517808021664,0.002007517808021664
7.0,6.815137740102221,0.1848622598977787,0.1848622598977787
5.5,5.815233091079011,-0.3152330910790111,0.3152330910790111
5.5,5.2983701967015175,0.20162980329848246,0.20162980329848246
4.0,3.8080107145895443,0.19198928541045568,0.19198928541045568
4.0,4.177306125094754,-0.17730612509475385,0.17730612509475385
2.5,2.5589208531462404,-0.058920853146240404,0.058920853146240404
4.0,4.520981996090842,-0.5209819960908417,0.5209819960908417
4.0,4.280025786246674,-0.2800257862466742,0.2800257862466742
4.0,4.031707707921036,-0.03170770792103639,0.03170770792103639
5.5,6.45166243234239,-0.9516624323423901,0.9516624323423901
5.5,5.69444981935744,-0.1944498193574402,0.1944498193574402
4.0,4.052049476293987,-0.05204947629398671,0.05204947629398671
4.0,4.36609354946751,-0.36609354946750994,0.36609354946750994
5.5,5.521616795434602,-0.0216167954346016,0.0216167954346016
4.0,4.116311919654494,-0.11631191965449439,0.11631191965449439
5.5,5.4734415263070755,0.026558473692924522,0.026558473692924522
4.0,4.01391697144441,-0.013916971444410287,0.013916971444410287
5.5,5.8651628316448665,-0.3651628316448665,0.3651628316448665
2.5,2.8608266285433794,-0.36082662854337944,0.36082662854337944
4.0,4.12189744623119,-0.12189744623119037,0.12189744623119037
7.0,5.792622716723435,1.207377283276565,1.207377283276565
5.5,4.944401728258066,0.5555982717419337,0.5555982717419337
4.0,3.4481797888895294,0.5518202111104706,0.5518202111104706
5.5,5.016666671227613,0.4833333287723871,0.4833333287723871
4.0,3.9359274747268183,0.06407252527318175,0.06407252527318175
4.0,3.9935757500956623,0.006424249904337653,0.006424249904337653
7.0,7.015175079287112,-0.015175079287112148,0.015175079287112148
4.0,4.066406082413589,-0.06640608241358859,0.06640608241358859
7.0,7.011985741721657,-0.011985741721656673,0.011985741721656673
7.0,6.996617693199778,0.0033823068002218903,0.0033823068002218903
4.0,4.830956012708036,-0.830956012708036,0.830956012708036
5.5,5.702270768015373,-0.20227076801537258,0.20227076801537258
4.0,4.232376603543134,-0.23237660354313405,0.23237660354313405
1.0,1.017031705908853,-0.017031705908852945,0.017031705908852945
4.0,3.9918093598035838,0.008190640196416243,0.008190640196416243
7.0,6.702761203600785,0.29723879639921513,0.29723879639921513
1.0,1.0187951506984199,-0.01879515069841986,0.01879515069841986
4.0,3.924064039310484,0.0759359606895158,0.0759359606895158
5.5,5.801006661443395,-0.3010066614433953,0.3010066614433953
4.0,3.9189560068348133,0.08104399316518673,0.08104399316518673
7.0,6.987336561867761,0.012663438132238802,0.012663438132238802
4.0,4.175364301100657,-0.17536430110065737,0.17536430110065737
4.0,3.9976646451859312,0.0023353548140687685,0.0023353548140687685
4.0,4.453534921281071,-0.4535349212810713,0.4535349212810713
1.0,1.0217789837247657,-0.02177898372476572,0.02177898372476572
4.0,4.104178507807131,-0.10417850780713067,0.10417850780713067
7.0,6.799120618664556,0.2008793813354437,0.2008793813354437
1.0,0.9748707860459942,0.025129213954005802,0.025129213954005802
5.5,5.526097109138617,-0.02609710913861729,0.02609710913861729
4.0,3.2920390473762766,0.7079609526237234,0.7079609526237234
7.0,6.695569976882077,0.30443002311792267,0.30443002311792267
1.0,0.995104974785429,0.004895025214570969,0.004895025214570969
4.0,3.9412426903298496,0.05875730967015036,0.05875730967015036
4.0,4.009516140442453,-0.009516140442452858,0.009516140442452858
2.5,2.470123506705004,0.029876493294996198,0.029876493294996198
7.0,7.012855745576804,-0.012855745576803912,0.012855745576803912
7.0,6.821236563710431,0.17876343628956892,0.17876343628956892
5.5,5.171412222171785,0.3285877778282149,0.3285877778282149
4.0,3.995721448380638,0.00427855161936197,0.00427855161936197
5.5,4.745294700020628,0.7547052999793724,0.7547052999793724
4.0,4.428613499950604,-0.42861349995060394,0.42861349995060394
7.0,7.009393863193457,-0.009393863193457364,0.009393863193457364
5.5,5.506396639180154,-0.0063966391801537625,0.0063966391801537625
2.5,3.636775508357993,-1.1367755083579931,1.1367755083579931
7.0,7.005984657324922,-0.00598465732492226,0.00598465732492226
7.0,6.978307212475709,0.021692787524290935,0.021692787524290935
7.0,7.009298968928901,-0.00929896892890092,0.00929896892890092
5.5,4.229598105535399,1.2704018944646007,1.2704018944646007
4.0,4.3191223684061475,-0.3191223684061475,0.3191223684061475
1.0,0.9615050156643759,0.03849498433562415,0.03849498433562415
4.0,3.9317967648218755,0.06820323517812454,0.06820323517812454
7.0,6.897301598871817,0.10269840112818329,0.10269840112818329
7.0,7.011621832373736,-0.01162183237373604,0.01162183237373604
4.0,3.9391594176132227,0.06084058238677725,0.06084058238677725
1.0,1.0009797803676221,-0.0009797803676221406,0.0009797803676221406
4.0,4.007213480189038,-0.007213480189038002,0.007213480189038002
4.0,4.225449956827147,-0.22544995682714664,0.22544995682714664
2.5,2.5500797743559422,-0.05007977435594224,0.05007977435594224
5.5,5.53626452697906,-0.036264526979059575,0.036264526979059575
1.0,1.0206552493409324,-0.020655249340932436,0.020655249340932436
1.0,1.0843539724553326,-0.0843539724553326,0.0843539724553326
7.0,7.029391588374979,-0.02939158837497935,0.02939158837497935
1.0,0.9525033843891231,0.047496615610876924,0.047496615610876924
4.0,4.620292215899313,-0.6202922158993127,0.6202922158993127
5.5,5.660008526716469,-0.16000852671646904,0.16000852671646904
7.0,6.985854236640517,0.014145763359483254,0.014145763359483254
7.0,7.009359971244551,-0.009359971244551346,0.009359971244551346
7.0,6.991751689291046,0.00824831070895371,0.00824831070895371
4.0,4.134635781739393,-0.1346357817393926,0.1346357817393926
7.0,7.0201470716646375,-0.020147071664637473,0.020147071664637473
4.0,3.669791662006237,0.33020833799376303,0.33020833799376303
4.0,4.007562843683902,-0.007562843683902365,0.007562843683902365
1.0,0.9941171536421374,0.0058828463578626256,0.0058828463578626256
7.0,6.999136424727198,0.0008635752728016755,0.0008635752728016755
4.0,3.9765725505252485,0.023427449474751505,0.023427449474751505
4.0,4.767610962688163,-0.7676109626881633,0.7676109626881633
1.0,1.048724825038706,-0.04872482503870601,0.04872482503870601
1.0,0.9860485052434876,0.013951494756512361,0.013951494756512361
7.0,7.021347724924464,-0.021347724924464018,0.021347724924464018
5.5,5.937518864210064,-0.43751886421006425,0.43751886421006425
5.5,5.519540864913598,-0.019540864913597744,0.019540864913597744
4.0,3.973013181627797,0.026986818372202848,0.026986818372202848
4.0,4.482278448572325,-0.48227844857232505,0.48227844857232505
5.5,5.637956661799568,-0.137956661799568,0.137956661799568
5.5,5.829896134528196,-0.3298961345281963,0.3298961345281963
1.0,0.9762675654886454,0.02373243451135465,0.02373243451135465
5.5,5.449564086333464,0.050435913666536436,0.050435913666536436
4.0,3.804250103732302,0.195749896267698,0.195749896267698
4.0,4.313196070361967,-0.3131960703619674,0.3131960703619674
7.0,5.975290408166101,1.0247095918338989,1.0247095918338989
5.5,5.127238826972822,0.37276117302717804,0.37276117302717804
2.5,2.5787129040868084,-0.07871290408680842,0.07871290408680842
4.0,4.001875989382402,-0.0018759893824018548,0.0018759893824018548
2.5,2.4552115496771463,0.04478845032285372,0.04478845032285372
4.0,3.969298501532763,0.03070149846723691,0.03070149846723691
5.5,5.510746567313285,-0.010746567313285382,0.010746567313285382
1.0,1.019208423095616,-0.01920842309561599,0.01920842309561599
1.0,1.061812052196675,-0.06181205219667496,0.06181205219667496
4.0,4.017944487039042,-0.017944487039041945,0.017944487039041945
4.0,4.015446611949095,-0.015446611949094802,0.015446611949094802
2.5,2.4611999483075744,0.03880005169242562,0.03880005169242562
4.0,3.9670286112138555,0.03297138878614447,0.03297138878614447
1.0,1.010557043371534,-0.01055704337153407,0.01055704337153407
5.5,5.173821941876349,0.3261780581236513,0.3261780581236513
4.0,4.021574441697529,-0.021574441697529423,0.021574441697529423
4.0,4.065893908190138,-0.06589390819013818,0.06589390819013818
7.0,6.287923931946731,0.7120760680532694,0.7120760680532694
5.5,5.6247584590907955,-0.12475845909079553,0.12475845909079553
4.0,4.0107572908226015,-0.010757290822601462,0.010757290822601462
4.0,4.258314463585121,-0.2583144635851209,0.2583144635851209
4.0,3.8504116375418276,0.14958836245817242,0.14958836245817242
4.0,4.281976131927671,-0.2819761319276708,0.2819761319276708
4.0,3.9018578430060056,0.09814215699399442,0.09814215699399442
4.0,4.098834239263568,-0.09883423926356816,0.09883423926356816
2.5,2.6882088387711276,-0.1882088387711276,0.1882088387711276
7.0,7.000304676545414,-0.0003046765454142175,0.0003046765454142175
5.5,5.778558875945089,-0.2785588759450892,0.2785588759450892
5.5,5.47999889368251,0.020001106317489636,0.020001106317489636
7.0,7.01252904905727,-0.012529049057270036,0.012529049057270036
2.5,2.369033759562737,0.1309662404372629,0.1309662404372629
1.0,1.0448565005827646,-0.04485650058276458,0.04485650058276458
5.5,5.801362105737738,-0.3013621057377378,0.3013621057377378
7.0,6.966654371516423,0.03334562848357692,0.03334562848357692
7.0,5.910203856207841,1.0897961437921593,1.0897961437921593
7.0,6.97016516915046,0.029834830849540417,0.029834830849540417
1.0,1.247892840508991,-0.24789284050899107,0.24789284050899107
7.0,5.719139885111056,1.2808601148889442,1.2808601148889442
4.0,3.8688663880783274,0.1311336119216726,0.1311336119216726
4.0,3.967987220237664,0.03201277976233596,0.03201277976233596
4.0,4.001573030477238,-0.0015730304772381132,0.0015730304772381132
5.5,5.704002599359014,-0.204002599359014,0.204002599359014
4.0,4.528934674860176,-0.5289346748601762,0.5289346748601762
4.0,3.991929270536894,0.008070729463105941,0.008070729463105941
2.5,2.5058284652937672,-0.005828465293767238,0.005828465293767238
5.5,5.647224584506314,-0.14722458450631404,0.14722458450631404
4.0,4.24136598707596,-0.2413659870759597,0.2413659870759597
5.5,5.5865690594168065,-0.08656905941680648,0.08656905941680648
4.0,3.9909322925874378,0.009067707412562243,0.009067707412562243
4.0,4.256313970834197,-0.2563139708341966,0.2563139708341966
4.0,4.681969446291004,-0.6819694462910038,0.6819694462910038
7.0,6.881841463076801,0.11815853692319944,0.11815853692319944
2.5,2.419467369738791,0.08053263026120883,0.08053263026120883
2.5,2.7287486669934857,-0.22874866699348573,0.22874866699348573
2.5,2.553982097742022,-0.053982097742022006,0.053982097742022006
2.5,3.109327182250094,-0.6093271822500941,0.6093271822500941
7.0,6.125433268711225,0.874566731288775,0.874566731288775
5.5,5.746392954481763,-0.24639295448176313,0.24639295448176313
4.0,3.987681658253666,0.01231834174633395,0.01231834174633395
1.0,0.9789657588811767,0.02103424111882335,0.02103424111882335
5.5,5.872686932203662,-0.37268693220366167,0.37268693220366167
7.0,6.990865004371521,0.009134995628478748,0.009134995628478748
7.0,6.543361945051869,0.45663805494813126,0.45663805494813126
5.5,5.584437549661712,-0.08443754966171202,0.08443754966171202
7.0,7.014606447819928,-0.01460644781992837,0.01460644781992837
4.0,4.088320035578152,-0.08832003557815238,0.08832003557815238
1.0,1.0286205497166032,-0.028620549716603216,0.028620549716603216
4.0,4.238684514869995,-0.23868451486999476,0.23868451486999476
7.0,6.342081797775364,0.6579182022246357,0.6579182022246357
5.5,5.490747252917126,0.009252747082873825,0.009252747082873825
4.0,5.246744097786397,-1.2467440977863973,1.2467440977863973
7.0,6.9863835561564676,0.013616443843532444,0.013616443843532444
7.0,6.324598627147347,0.6754013728526527,0.6754013728526527
7.0,6.226422348098837,0.7735776519011628,0.7735776519011628
2.5,2.5773296567166986,-0.07732965671669856,0.07732965671669856
5.5,5.687304664072414,-0.18730466407241408,0.18730466407241408
4.0,4.01861691555739,-0.018616915557389646,0.018616915557389646
7.0,6.983307369831731,0.016692630168268607,0.016692630168268607
4.0,4.346524419447078,-0.34652441944707757,0.34652441944707757
5.5,6.022499323569315,-0.5224993235693152,0.5224993235693152
4.0,4.310063287332793,-0.31006328733279265,0.31006328733279265
4.0,4.023690488053111,-0.023690488053111025,0.023690488053111025
4.0,3.8918529531518544,0.10814704684814558,0.10814704684814558
4.0,4.010674796516449,-0.010674796516449092,0.010674796516449092
4.0,4.348227154759128,-0.3482271547591278,0.3482271547591278
1.0,0.9879991053285948,0.012000894671405193,0.012000894671405193
5.5,4.914390822583008,0.585609177416992,0.585609177416992
2.5,2.4175664127897645,0.08243358721023553,0.08243358721023553
7.0,7.011400255594372,-0.01140025559437241,0.01140025559437241
4.0,4.323833446480458,-0.3238334464804584,0.3238334464804584
5.5,5.629846709087606,-0.1298467090876061,0.1298467090876061
5.5,4.321088818777992,1.1789111812220083,1.1789111812220083
5.5,5.492638828677107,0.007361171322893156,0.007361171322893156
5.5,4.879066965133757,0.6209330348662432,0.6209330348662432
5.5,5.222158461540158,0.2778415384598416,0.2778415384598416
1.0,0.9842432563619983,0.015756743638001725,0.015756743638001725
5.5,6.406231071056931,-0.906231071056931,0.906231071056931
4.0,4.158508720694381,-0.15850872069438093,0.15850872069438093
4.0,4.267678639117986,-0.2676786391179862,0.2676786391179862
7.0,6.9999205264997055,7.947350029446909e-05,7.947350029446909e-05
4.0,3.9114403195692455,0.08855968043075446,0.08855968043075446
1.0,1.0632621804471523,-0.06326218044715226,0.06326218044715226
4.0,4.133435193887423,-0.13343519388742298,0.13343519388742298
7.0,7.022789023025467,-0.02278902302546726,0.02278902302546726
4.0,4.005241113977318,-0.005241113977318079,0.005241113977318079
4.0,4.294898878897928,-0.29489887889792765,0.29489887889792765
4.0,4.395281308665972,-0.39528130866597166,0.39528130866597166
7.0,6.162223272936702,0.8377767270632983,0.8377767270632983
1.0,0.9928898276113314,0.007110172388668623,0.007110172388668623
4.0,4.256191378173625,-0.25619137817362514,0.25619137817362514
4.0,4.3032026377765025,-0.30320263777650247,0.30320263777650247
5.5,5.409983359812175,0.09001664018782485,0.09001664018782485
4.0,4.0546195969088625,-0.05461959690886253,0.05461959690886253
5.5,5.656482376969528,-0.15648237696952805,0.15648237696952805
5.5,5.796665024867848,-0.2966650248678482,0.2966650248678482
7.0,7.007326132863258,-0.007326132863258117,0.007326132863258117
5.5,4.797176794161516,0.7028232058384836,0.7028232058384836
4.0,3.8857534952394857,0.11424650476051434,0.11424650476051434
7.0,7.018060265145298,-0.018060265145297905,0.018060265145297905
4.0,3.684056455561323,0.3159435444386771,0.3159435444386771
5.5,5.524192906009263,-0.024192906009263382,0.024192906009263382
5.5,5.50751198344317,-0.007511983443169612,0.007511983443169612
5.5,5.7856603071296995,-0.2856603071296995,0.2856603071296995
5.5,5.784189004416757,-0.2841890044167572,0.2841890044167572
7.0,7.014253407858348,-0.014253407858348055,0.014253407858348055
4.0,4.396945300764438,-0.3969453007644379,0.3969453007644379
5.5,6.0894401717430755,-0.5894401717430755,0.5894401717430755
4.0,3.8548383122197936,0.14516168778020644,0.14516168778020644
7.0,6.772730828092906,0.22726917190709361,0.22726917190709361
7.0,6.9788913676480675,0.0211086323519325,0.0211086323519325
1.0,1.094010859524302,-0.0940108595243021,0.0940108595243021
4.0,4.087221138928459,-0.0872211389284594,0.0872211389284594
1.0,1.0314228358338826,-0.03142283583388261,0.03142283583388261
7.0,5.766242361721098,1.2337576382789024,1.2337576382789024
4.0,4.672293765296811,-0.6722937652968106,0.6722937652968106
5.5,4.88184860091324,0.6181513990867602,0.6181513990867602
5.5,5.777123958593553,-0.27712395859355343,0.27712395859355343
4.0,4.375921997020303,-0.3759219970203027,0.3759219970203027
7.0,7.0052151824095175,-0.00521518240951746,0.00521518240951746
4.0,3.708454315838963,0.2915456841610369,0.2915456841610369
4.0,4.151121686849094,-0.15112168684909388,0.15112168684909388
7.0,6.760309487466573,0.23969051253342677,0.23969051253342677
7.0,6.44061907923911,0.5593809207608897,0.5593809207608897
5.5,5.760912395336753,-0.2609123953367529,0.2609123953367529
4.0,3.956633312120616,0.043366687879383914,0.043366687879383914
4.0,4.0573967076949415,-0.05739670769494154,0.05739670769494154
4.0,3.8873274531571047,0.1126725468428953,0.1126725468428953
1.0,0.9958297524746083,0.004170247525391746,0.004170247525391746
5.5,5.503796840406073,-0.0037968404060730876,0.0037968404060730876
4.0,4.125793145307295,-0.1257931453072949,0.1257931453072949
4.0,4.3764980626961085,-0.3764980626961085,0.3764980626961085
5.5,4.80659571136164,0.6934042886383596,0.6934042886383596
7.0,6.11290770862716,0.8870922913728396,0.8870922913728396
5.5,4.595195368179751,0.904804631820249,0.904804631820249
4.0,4.671602276611714,-0.671602276611714,0.671602276611714
7.0,6.985519740714784,0.014480259285216235,0.014480259285216235
2.5,2.673506532352452,-0.17350653235245206,0.17350653235245206
7.0,7.002653174005734,-0.002653174005733838,0.002653174005733838
4.0,4.560277118195389,-0.5602771181953887,0.5602771181953887
5.5,5.762211762633501,-0.262211762633501,0.262211762633501
4.0,3.998111112608065,0.0018888873919351568,0.0018888873919351568
4.0,4.961063467143527,-0.9610634671435268,0.9610634671435268
4.0,4.493209586674304,-0.49320958667430403,0.49320958667430403
5.5,5.52207305750834,-0.0220730575083401,0.0220730575083401
5.5,5.723607909352693,-0.22360790935269304,0.22360790935269304
4.0,4.10148576943994,-0.10148576943993959,0.10148576943993959
7.0,7.019780914105723,-0.01978091410572258,0.01978091410572258
4.0,4.014905315659485,-0.014905315659484941,0.014905315659484941
5.5,5.401362165256191,0.09863783474380927,0.09863783474380927
4.0,3.944029949814843,0.055970050185157216,0.055970050185157216
7.0,7.001869451213565,-0.0018694512135652985,0.0018694512135652985
7.0,7.0102530283575035,-0.010253028357503524,0.010253028357503524
7.0,7.018879000699536,-0.01887900069953563,0.01887900069953563
7.0,7.016455393358987,-0.016455393358986825,0.016455393358986825
1.0,0.9604869265280971,0.039513073471902915,0.039513073471902915
2.5,2.696406943685363,-0.19640694368536282,0.19640694368536282
4.0,4.157303826507038,-0.15730382650703767,0.15730382650703767
1.0,0.9887846403659908,0.011215359634009214,0.011215359634009214
7.0,6.128098099276776,0.8719019007232243,0.8719019007232243
2.5,3.468730006683179,-0.9687300066831792,0.9687300066831792
7.0,6.257648254301586,0.7423517456984143,0.7423517456984143
4.0,4.395060941311723,-0.39506094131172276,0.39506094131172276
4.0,3.997416873171959,0.0025831268280409603,0.0025831268280409603
1.0,1.0610419321072035,-0.061041932107203545,0.061041932107203545
4.0,4.046479836095235,-0.04647983609523543,0.04647983609523543
4.0,4.51810697518758,-0.51810697518758,0.51810697518758
1.0,1.0673187099370947,-0.06731870993709466,0.06731870993709466
7.0,7.012569703761562,-0.012569703761561968,0.012569703761561968
7.0,6.989002251060948,0.01099774893905181,0.01099774893905181
4.0,4.271257064818006,-0.2712570648180064,0.2712570648180064
5.5,5.742816203294573,-0.24281620329457265,0.24281620329457265
5.5,5.637034859041742,-0.13703485904174162,0.13703485904174162
4.0,4.009729942127563,-0.00972994212756273,0.00972994212756273
7.0,6.129970254627634,0.8700297453723662,0.8700297453723662
4.0,4.003043317534968,-0.003043317534968004,0.003043317534968004
7.0,7.009955890514537,-0.00995589051453738,0.00995589051453738
7.0,6.341270515148029,0.6587294848519711,0.6587294848519711
7.0,7.012222030916957,-0.012222030916957394,0.012222030916957394
4.0,3.9297292864852427,0.07027071351475733,0.07027071351475733
5.5,5.602752645379233,-0.10275264537923334,0.10275264537923334
5.5,4.472075785553507,1.027924214446493,1.027924214446493
4.0,4.0468891030053555,-0.04688910300535554,0.04688910300535554
5.5,6.255865624811223,-0.7558656248112232,0.7558656248112232
4.0,3.986220818645791,0.01377918135420897,0.01377918135420897
4.0,4.0151039518297065,-0.015103951829706475,0.015103951829706475
4.0,4.695378850570269,-0.6953788505702692,0.6953788505702692
5.5,5.550075275394502,-0.050075275394502405,0.050075275394502405
4.0,4.016708907894268,-0.01670890789426771,0.01670890789426771
4.0,4.224321597129025,-0.2243215971290251,0.2243215971290251
7.0,6.997364651122229,0.002635348877770838,0.002635348877770838
2.5,3.507283846738465,-1.0072838467384648,1.0072838467384648
5.5,6.134530434926142,-0.634530434926142,0.634530434926142
2.5,2.3588242139675373,0.14117578603246272,0.14117578603246272
4.0,3.8320416967302093,0.16795830326979067,0.16795830326979067
5.5,5.768035468047094,-0.2680354680470938,0.2680354680470938
4.0,3.999730433542792,0.00026956645720810357,0.00026956645720810357
4.0,4.1406926283760095,-0.1406926283760095,0.1406926283760095
4.0,4.0091961657105815,-0.009196165710581461,0.009196165710581461
7.0,7.054364969032218,-0.05436496903221766,0.05436496903221766
7.0,6.293923239622513,0.7060767603774867,0.7060767603774867
4.0,3.9034196047965453,0.09658039520345474,0.09658039520345474
5.5,5.79823563697631,-0.29823563697630995,0.29823563697630995
5.5,5.223991290749187,0.2760087092508128,0.2760087092508128
4.0,4.166527310402197,-0.1665273104021967,0.1665273104021967
7.0,7.004660243102747,-0.0046602431027471525,0.0046602431027471525
4.0,4.088556731251536,-0.08855673125153629,0.08855673125153629
5.5,5.5191703559020135,-0.019170355902013547,0.019170355902013547
5.5,6.100851153318237,-0.6008511533182368,0.6008511533182368
4.0,4.429506332093319,-0.429506332093319,0.429506332093319
5.5,5.941300935669139,-0.44130093566913864,0.44130093566913864
4.0,3.9987855328277915,0.001214467172208522,0.001214467172208522
5.5,6.388098750733332,-0.8880987507333318,0.8880987507333318
5.5,5.508515467378916,-0.008515467378916064,0.008515467378916064
4.0,4.146268330726471,-0.14626833072647116,0.14626833072647116
2.5,2.557596852506083,-0.05759685250608282,0.05759685250608282
4.0,4.072715565246115,-0.07271556524611533,0.07271556524611533
4.0,4.573049158418057,-0.5730491584180566,0.5730491584180566
5.5,5.624355310555684,-0.12435531055568383,0.12435531055568383
4.0,4.0939259920810604,-0.09392599208106045,0.09392599208106045
2.5,2.3918001026905813,0.1081998973094187,0.1081998973094187
2.5,2.509448456681203,-0.009448456681202977,0.009448456681202977
7.0,7.000411829682028,-0.00041182968202768677,0.00041182968202768677
5.5,5.976393084358239,-0.47639308435823935,0.47639308435823935
7.0,6.773501345574532,0.2264986544254679,0.2264986544254679
7.0,6.765963674542675,0.23403632545732478,0.23403632545732478
1.0,1.0297653227922205,-0.02976532279222055,0.02976532279222055
4.0,4.819489793200372,-0.819489793200372,0.819489793200372
4.0,3.9336469954575595,0.06635300454244053,0.06635300454244053
4.0,4.012370761378076,-0.012370761378075912,0.012370761378075912
7.0,5.59069523158511,1.4093047684148896,1.4093047684148896
7.0,6.051004493272201,0.9489955067277993,0.9489955067277993
2.5,2.4312401385179334,0.06875986148206659,0.06875986148206659
7.0,6.823012453117555,0.17698754688244467,0.17698754688244467
5.5,5.5519680460279615,-0.051968046027961456,0.051968046027961456
5.5,4.693918495585308,0.8060815044146921,0.8060815044146921
4.0,3.978920819334977,0.02107918066502279,0.02107918066502279
2.5,3.290941104590468,-0.790941104590468,0.790941104590468
4.0,4.472009004756375,-0.47200900475637475,0.47200900475637475
4.0,4.1272472711974,-0.1272472711974002,0.1272472711974002
4.0,3.9229018099966115,0.07709819000338847,0.07709819000338847
5.5,4.463647131484835,1.0363528685151646,1.0363528685151646
4.0,3.972469084316713,0.027530915683287027,0.027530915683287027
4.0,4.011268187504633,-0.011268187504633431,0.011268187504633431
4.0,4.309877489228106,-0.3098774892281062,0.3098774892281062
4.0,3.9841854683359865,0.015814531664013476,0.015814531664013476
5.5,5.503876137520141,-0.003876137520141043,0.003876137520141043
2.5,2.6700265484466748,-0.17002654844667475,0.17002654844667475
5.5,4.427354469656266,1.0726455303437339,1.0726455303437339
7.0,7.001947462282053,-0.001947462282053003,0.001947462282053003
4.0,4.117846555270193,-0.11784655527019261,0.11784655527019261
4.0,4.35299552556674,-0.3529955255667403,0.3529955255667403
4.0,3.964844574430065,0.035155425569934895,0.035155425569934895
4.0,4.210671497336316,-0.21067149733631574,0.21067149733631574
1.0,0.9955899946794489,0.004410005320551136,0.004410005320551136
5.5,5.601730954280127,-0.1017309542801268,0.1017309542801268
5.5,4.603307813053163,0.8966921869468374,0.8966921869468374
1.0,1.3243331087895274,-0.32433310878952737,0.32433310878952737
7.0,7.019461241971571,-0.019461241971571397,0.019461241971571397
5.5,5.953601072294518,-0.45360107229451785,0.45360107229451785
7.0,6.197834953528062,0.8021650464719379,0.8021650464719379
5.5,4.993635718110859,0.506364281889141,0.506364281889141
4.0,4.766138171130238,-0.7661381711302377,0.7661381711302377
7.0,7.010635233933827,-0.010635233933826704,0.010635233933826704
1.0,0.939227294833017,0.060772705166982965,0.060772705166982965
5.5,5.791701229398705,-0.29170122939870513,0.29170122939870513
7.0,7.017465885826278,-0.017465885826277727,0.017465885826277727
5.5,4.24195137164726,1.2580486283527401,1.2580486283527401
7.0,7.008071250512862,-0.008071250512862171,0.008071250512862171
4.0,4.000823140366795,-0.0008231403667950943,0.0008231403667950943
4.0,3.9927004504721855,0.007299549527814531,0.007299549527814531
2.5,2.4194511458952834,0.08054885410471657,0.08054885410471657
4.0,3.9024521626626423,0.09754783733735772,0.09754783733735772
5.5,6.065064143030632,-0.5650641430306322,0.5650641430306322
5.5,5.734888435989752,-0.23488843598975162,0.23488843598975162
1.0,0.9922314993565015,0.007768500643498544,0.007768500643498544
5.5,5.791240330652553,-0.2912403306525526,0.2912403306525526
5.5,5.639850962295526,-0.13985096229552596,0.13985096229552596
4.0,4.47596813087936,-0.47596813087935974,0.47596813087935974
2.5,2.563057546012988,-0.06305754601298785,0.06305754601298785
5.5,5.433617091778112,0.06638290822188786,0.06638290822188786
5.5,5.853406114568731,-0.35340611456873106,0.35340611456873106
4.0,4.544255096478528,-0.544255096478528,0.544255096478528
5.5,4.278784678411,1.2212153215889998,1.2212153215889998
4.0,4.009365355595843,-0.009365355595843283,0.009365355595843283
1.0,0.9081909548552095,0.09180904514479049,0.09180904514479049
5.5,4.203446053361858,1.2965539466381424,1.2965539466381424
4.0,3.994118142977272,0.005881857022727921,0.005881857022727921
5.5,5.096513194914773,0.40348680508522694,0.40348680508522694
5.5,5.518348732172852,-0.01834873217285171,0.01834873217285171
5.5,5.8655807048349615,-0.3655807048349615,0.3655807048349615
7.0,6.215133286551223,0.7848667134487766,0.7848667134487766
7.0,7.014273819633152,-0.014273819633151774,0.014273819633151774
5.5,5.450026145419527,0.049973854580472654,0.049973854580472654
5.5,5.545387432517802,-0.04538743251780186,0.04538743251780186
5.5,5.741649919989977,-0.2416499199899773,0.2416499199899773
7.0,6.174404988052121,0.825595011947879,0.825595011947879
5.5,4.830994929031975,0.6690050709680246,0.6690050709680246
4.0,4.019710963276213,-0.019710963276213356,0.019710963276213356
4.0,4.62007085714099,-0.6200708571409903,0.6200708571409903
2.5,2.4041817019446032,0.09581829805539677,0.09581829805539677
5.5,5.594340005367622,-0.09434000536762177,0.09434000536762177
4.0,3.9258754151242936,0.07412458487570639,0.07412458487570639
4.0,4.37716084069864,-0.3771608406986404,0.3771608406986404
5.5,4.348389099965967,1.1516109000340329,1.1516109000340329
5.5,5.48253868350063,0.017461316499369772,0.017461316499369772
5.5,5.992685022439414,-0.4926850224394137,0.4926850224394137
4.0,3.9929646628091473,0.007035337190852697,0.007035337190852697
2.5,3.056382751136689,-0.556382751136689,0.556382751136689
4.0,4.042180048918266,-0.04218004891826599,0.04218004891826599
7.0,7.018560282795366,-0.0185602827953657,0.0185602827953657
5.5,5.834067895769385,-0.334067895769385,0.334067895769385
1.0,1.057678879132483,-0.05767887913248293,0.05767887913248293
7.0,7.015195337492662,-0.015195337492661665,0.015195337492661665
4.0,4.013410355730471,-0.013410355730471224,0.013410355730471224
4.0,4.171614282799338,-0.17161428279933766,0.17161428279933766
4.0,4.2003147062455195,-0.2003147062455195,0.2003147062455195
5.5,5.687699485345041,-0.18769948534504088,0.18769948534504088
7.0,7.024556698851989,-0.02455669885198919,0.02455669885198919
1.0,0.9965281129844308,0.0034718870155692194,0.0034718870155692194
4.0,4.152228413537525,-0.15222841353752514,0.15222841353752514
4.0,4.636835818576378,-0.6368358185763778,0.6368358185763778
4.0,4.018246058408384,-0.018246058408384336,0.018246058408384336
4.0,4.466581351206319,-0.46658135120631883,0.46658135120631883
2.5,2.3853723387746983,0.11462766122530166,0.11462766122530166
4.0,4.51896070896456,-0.5189607089645598,0.5189607089645598
4.0,4.21715381889385,-0.21715381889385021,0.21715381889385021
4.0,3.9953642053479785,0.004635794652021463,0.004635794652021463
7.0,7.015123996188371,-0.015123996188370903,0.015123996188370903
5.5,5.6293896074794585,-0.1293896074794585,0.1293896074794585
5.5,4.653351550563199,0.8466484494368007,0.8466484494368007
4.0,3.989995536672858,0.010004463327141888,0.010004463327141888
5.5,5.490926390133589,0.009073609866410592,0.009073609866410592
4.0,4.14637305801367,-0.14637305801366995,0.14637305801366995
7.0,6.900313645812713,0.09968635418728677,0.09968635418728677
4.0,3.99804489095376,0.0019551090462401888,0.0019551090462401888
7.0,6.977162852380529,0.02283714761947131,0.02283714761947131
4.0,4.417498728054316,-0.41749872805431565,0.41749872805431565
4.0,4.007061464308881,-0.007061464308881327,0.007061464308881327
5.5,5.587861213192512,-0.08786121319251183,0.08786121319251183
2.5,2.512582512363392,-0.012582512363391807,0.012582512363391807
4.0,4.134381267122435,-0.1343812671224347,0.1343812671224347
2.5,2.4491583770853262,0.050841622914673756,0.050841622914673756
1.0,0.9924095746399415,0.007590425360058495,0.007590425360058495
7.0,7.041791213188774,-0.0417912131887741,0.0417912131887741
4.0,4.008896667512428,-0.00889666751242757,0.00889666751242757
4.0,4.002255391642579,-0.002255391642578708,0.002255391642578708
4.0,4.015421853241224,-0.015421853241224248,0.015421853241224248
4.0,4.363139408609111,-0.3631394086091113,0.3631394086091113
4.0,3.9483111989584447,0.051688801041555266,0.051688801041555266
4.0,3.7839345754625695,0.2160654245374305,0.2160654245374305
7.0,6.186459703919647,0.8135402960803528,0.8135402960803528
7.0,6.164552700284672,0.8354472997153284,0.8354472997153284
5.5,5.682988612210815,-0.1829886122108153,0.1829886122108153
4.0,3.997611955139415,0.002388044860584859,0.002388044860584859
2.5,2.663049183460656,-0.163049183460656,0.163049183460656
4.0,3.997519723763472,0.002480276236528134,0.002480276236528134
4.0,4.463432042661042,-0.4634320426610419,0.4634320426610419
4.0,4.5195368943548875,-0.5195368943548875,0.5195368943548875
5.5,5.225743264401159,0.2742567355988408,0.2742567355988408
5.5,5.505566978429753,-0.005566978429753178,0.005566978429753178
4.0,4.138202670333974,-0.13820267033397382,0.13820267033397382
1.0,1.0280359856954269,-0.028035985695426868,0.028035985695426868
4.0,3.9921081858001934,0.007891814199806557,0.007891814199806557
7.0,7.0189531186621394,-0.018953118662139445,0.018953118662139445
4.0,3.9182734785975697,0.08172652140243031,0.08172652140243031
7.0,7.020830777202502,-0.020830777202501594,0.020830777202501594
5.5,4.812532550619139,0.6874674493808612,0.6874674493808612
1.0,1.1173018478708616,-0.11730184787086162,0.11730184787086162
1.0,1.0050203140438914,-0.005020314043891361,0.005020314043891361
2.5,2.5362595801652796,-0.03625958016527964,0.03625958016527964
1.0,0.9818180270080792,0.018181972991920814,0.018181972991920814
2.5,2.4995159494164594,0.00048405058354061836,0.00048405058354061836
5.5,5.145550788859999,0.3544492111400013,0.3544492111400013
5.5,4.805271022809382,0.6947289771906178,0.6947289771906178
7.0,5.54198554181464,1.4580144581853602,1.4580144581853602
7.0,7.018985988245833,-0.01898598824583342,0.01898598824583342
4.0,4.165580724833285,-0.16558072483328523,0.16558072483328523
7.0,5.9245299866933445,1.0754700133066555,1.0754700133066555
4.0,3.944440683137087,0.05555931686291293,0.05555931686291293
4.0,4.006258896201505,-0.006258896201504882,0.006258896201504882
2.5,2.48013598580147,0.01986401419853001,0.01986401419853001
7.0,7.0113724289799695,-0.011372428979969484,0.011372428979969484
4.0,3.9514148973327936,0.04858510266720639,0.04858510266720639
2.5,2.516705773131183,-0.016705773131183044,0.016705773131183044
4.0,4.597969111551899,-0.5979691115518992,0.5979691115518992
4.0,4.457537574178986,-0.45753757417898644,0.45753757417898644
4.0,3.940791047584716,0.0592089524152839,0.0592089524152839
7.0,7.015187045031358,-0.01518704503135826,0.01518704503135826
4.0,3.9870419991610824,0.012958000838917627,0.012958000838917627
7.0,7.001585985365445,-0.001585985365444742,0.001585985365444742
7.0,7.027821016094151,-0.02782101609415122,0.02782101609415122
2.5,2.5860826825769334,-0.08608268257693341,0.08608268257693341
7.0,7.010136114683347,-0.010136114683347408,0.010136114683347408
2.5,2.4459707905698584,0.054029209430141556,0.054029209430141556
2.5,2.652332926699014,-0.15233292669901388,0.15233292669901388
4.0,4.414363191455216,-0.41436319145521594,0.41436319145521594
1.0,0.9938199350291334,0.00618006497086665,0.00618006497086665
5.5,5.864775109028363,-0.3647751090283631,0.3647751090283631
4.0,4.050663453638422,-0.05066345363842206,0.05066345363842206
7.0,6.973094560293664,0.02690543970633641,0.02690543970633641
4.0,4.493097759527441,-0.4930977595274406,0.4930977595274406
7.0,7.006086049008904,-0.006086049008904304,0.006086049008904304
5.5,4.928996392488888,0.5710036075111118,0.5710036075111118
4.0,4.543014793724614,-0.5430147937246144,0.5430147937246144
5.5,5.550902002636516,-0.050902002636515675,0.050902002636515675
4.0,4.143012147019511,-0.14301214701951093,0.14301214701951093
5.5,5.4998073405706585,0.00019265942934154623,0.00019265942934154623
2.5,2.587278951642737,-0.08727895164273702,0.08727895164273702
7.0,7.011886132898274,-0.011886132898274226,0.011886132898274226
4.0,3.996184592923757,0.0038154070762428383,0.0038154070762428383
7.0,6.966762742482536,0.03323725751746398,0.03323725751746398
7.0,7.009218722089864,-0.009218722089864073,0.009218722089864073
1.0,0.9235191197262906,0.07648088027370936,0.07648088027370936
5.5,6.114027221785134,-0.6140272217851344,0.6140272217851344
2.5,2.5263079164156217,-0.02630791641562169,0.02630791641562169
4.0,3.951557651555974,0.04844234844402617,0.04844234844402617
5.5,5.139179746214843,0.3608202537851568,0.3608202537851568
7.0,6.380626633429969,0.6193733665700307,0.6193733665700307
7.0,7.013191366629325,-0.013191366629325074,0.013191366629325074
4.0,4.008879450168466,-0.008879450168466363,0.008879450168466363
2.5,2.5729517580053436,-0.07295175800534359,0.07295175800534359
7.0,6.824181960936535,0.17581803906346494,0.17581803906346494
7.0,6.956532510328654,0.04346748967134584,0.04346748967134584
5.5,5.9283608345926595,-0.4283608345926595,0.4283608345926595
5.5,5.879869189522617,-0.3798691895226174,0.3798691895226174
1.0,1.0591155258993443,-0.05911552589934432,0.05911552589934432
5.5,5.6899426162160145,-0.1899426162160145,0.1899426162160145
4.0,3.626082926480651,0.3739170735193489,0.3739170735193489
1.0,1.0249574001076927,-0.02495740010769265,0.02495740010769265
4.0,4.799906080214401,-0.7999060802144013,0.7999060802144013
2.5,2.5539873428706974,-0.0539873428706974,0.0539873428706974
4.0,4.4535440584288715,-0.45354405842887147,0.45354405842887147
5.5,5.510340510113316,-0.01034051011331627,0.01034051011331627
4.0,4.251161866122949,-0.2511618661229491,0.2511618661229491
2.5,2.4796728649784616,0.02032713502153838,0.02032713502153838
4.0,4.009169918378861,-0.009169918378860942,0.009169918378860942
4.0,3.992998328718324,0.007001671281675836,0.007001671281675836
1.0,1.0169949013966082,-0.016994901396608197,0.016994901396608197
4.0,3.936357770268197,0.06364222973180311,0.06364222973180311
7.0,6.974193856829796,0.02580614317020391,0.02580614317020391
5.5,4.395925599918704,1.1040744000812959,1.1040744000812959
4.0,4.400071023648444,-0.4000710236484437,0.4000710236484437
5.5,5.807292552302464,-0.30729255230246366,0.30729255230246366
2.5,2.6694551920388423,-0.1694551920388423,0.1694551920388423
5.5,5.536791238331962,-0.036791238331962184,0.036791238331962184
7.0,6.9903393792017665,0.009660620798233488,0.009660620798233488
1.0,1.0298899134526442,-0.029889913452644246,0.029889913452644246
1.0,1.00491567299675,-0.004915672996750109,0.004915672996750109
1.0,1.0115646154257774,-0.011564615425777358,0.011564615425777358
7.0,7.013267693091418,-0.013267693091417954,0.013267693091417954
7.0,7.014945259681962,-0.014945259681962142,0.014945259681962142
5.5,4.391266556260539,1.1087334437394611,1.1087334437394611
4.0,4.523962288155599,-0.523962288155599,0.523962288155599
5.5,5.5589944323563,-0.05899443235630031,0.05899443235630031
5.5,4.586608581507901,0.9133914184920986,0.9133914184920986
4.0,3.9359007953311425,0.06409920466885755,0.06409920466885755
4.0,4.690472734321285,-0.6904727343212853,0.6904727343212853
4.0,4.60160528841282,-0.60160528841282,0.60160528841282
4.0,4.0178151651203455,-0.017815165120345533,0.017815165120345533
4.0,4.060418867837988,-0.060418867837988444,0.060418867837988444
5.5,5.522634658368587,-0.022634658368587246,0.022634658368587246
1.0,1.0776446104751995,-0.07764461047519955,0.07764461047519955
7.0,5.688167875512188,1.311832124487812,1.311832124487812
1.0,0.9812031819371834,0.018796818062816634,0.018796818062816634
5.5,4.942376007409872,0.5576239925901278,0.5576239925901278
5.5,5.445070567064986,0.05492943293501362,0.05492943293501362
5.5,5.69477533120266,-0.19477533120265988,0.19477533120265988
4.0,4.375620330477447,-0.3756203304774468,0.3756203304774468
2.5,2.6762585922680397,-0.17625859226803975,0.17625859226803975
4.0,4.009153250312931,-0.009153250312930794,0.009153250312930794
5.5,5.522908643220422,-0.022908643220421965,0.022908643220421965
5.5,5.889581545991553,-0.38958154599155304,0.38958154599155304
1.0,1.012976276809815,-0.012976276809814946,0.012976276809814946
7.0,6.272610437151201,0.7273895628487992,0.7273895628487992
4.0,4.004713936661795,-0.004713936661794982,0.004713936661794982
1.0,1.1641980844554534,-0.16419808445545336,0.16419808445545336
4.0,4.262007716156807,-0.2620077161568073,0.2620077161568073
5.5,5.412801593975655,0.0871984060243447,0.0871984060243447
4.0,3.8275215693709526,0.17247843062904744,0.17247843062904744
1.0,0.9712301801270947,0.028769819872905278,0.028769819872905278
4.0,4.0436083907801095,-0.043608390780109474,0.043608390780109474
4.0,4.363794565221799,-0.36379456522179865,0.36379456522179865
5.5,4.462281615990796,1.037718384009204,1.037718384009204
4.0,3.999308023949212,0.000691976050787968,0.000691976050787968
5.5,4.622450687110845,0.8775493128891547,0.8775493128891547
1.0,0.9779504672235099,0.022049532776490133,0.022049532776490133
4.0,4.336444167926909,-0.336444167926909,0.336444167926909
4.0,3.93734039373031,0.06265960626969003,0.06265960626969003
4.0,4.865992873709673,-0.8659928737096729,0.8659928737096729
7.0,7.029211379281556,-0.029211379281555594,0.029211379281555594
2.5,2.423898080664974,0.07610191933502586,0.07610191933502586
5.5,5.759082298086672,-0.25908229808667205,0.25908229808667205
4.0,4.419947770182633,-0.41994777018263285,0.41994777018263285
4.0,3.915578705975383,0.08442129402461696,0.08442129402461696
2.5,2.447835264963714,0.052164735036285936,0.052164735036285936
4.0,4.025459615626676,-0.025459615626676424,0.025459615626676424
5.5,5.547977325771406,-0.04797732577140579,0.04797732577140579
4.0,5.09954667781588,-1.09954667781588,1.09954667781588
4.0,4.005411967215492,-0.005411967215492197,0.005411967215492197
5.5,5.451088879432612,0.048911120567387556,0.048911120567387556
7.0,5.96940498858557,1.0305950114144302,1.0305950114144302
1.0,0.9548312033900256,0.045168796609974415,0.045168796609974415
1.0,0.9714094677584224,0.028590532241577593,0.028590532241577593
5.5,5.137400809690445,0.3625991903095551,0.3625991903095551
5.5,6.027380970347879,-0.5273809703478793,0.5273809703478793
7.0,6.858227349195902,0.14177265080409818,0.14177265080409818
5.5,6.14668396379482,-0.6466839637948203,0.6466839637948203
7.0,7.008108697356712,-0.008108697356711936,0.008108697356711936
5.5,4.710930409585857,0.7890695904141429,0.7890695904141429
4.0,4.383432572451818,-0.3834325724518184,0.3834325724518184
4.0,4.223247687676567,-0.223247687676567,0.223247687676567
7.0,6.9772522255915,0.022747774408499843,0.022747774408499843
5.5,4.813813030955982,0.6861869690440177,0.6861869690440177
2.5,2.5261389353563186,-0.026138935356318616,0.026138935356318616
5.5,5.780256390522896,-0.2802563905228963,0.2802563905228963
7.0,7.013614887139383,-0.013614887139382859,0.013614887139382859
7.0,7.009724958931647,-0.009724958931647265,0.009724958931647265
5.5,5.062236968926861,0.4377630310731391,0.4377630310731391
2.5,2.5903486863132597,-0.09034868631325965,0.09034868631325965
5.5,5.524317825109088,-0.024317825109087643,0.024317825109087643
4.0,3.9931157985745553,0.006884201425444658,0.006884201425444658
4.0,4.544012407642276,-0.5440124076422759,0.5440124076422759
4.0,3.9979954218475124,0.0020045781524875572,0.0020045781524875572
5.5,4.3302812796998325,1.1697187203001675,1.1697187203001675
2.5,2.530794620335347,-0.030794620335346856,0.030794620335346856
5.5,4.174153652166973,1.3258463478330267,1.3258463478330267
5.5,5.053705438949702,0.44629456105029774,0.44629456105029774
2.5,2.634901416695002,-0.13490141669500222,0.13490141669500222
4.0,4.016309510961074,-0.016309510961074025,0.016309510961074025
4.0,3.9898130202581177,0.010186979741882318,0.010186979741882318
4.0,4.63219900281569,-0.6321990028156899,0.6321990028156899
5.5,5.151500070739468,0.34849992926053197,0.34849992926053197
7.0,6.986391806205695,0.013608193794304668,0.013608193794304668
5.5,4.378074198792865,1.1219258012071354,1.1219258012071354
4.0,4.114113448258422,-0.11411344825842207,0.11411344825842207
1.0,1.0154186055102872,-0.015418605510287176,0.015418605510287176
4.0,3.8470164106277265,0.15298358937227352,0.15298358937227352
2.5,2.690391353953174,-0.19039135395317386,0.19039135395317386
7.0,7.011651731887065,-0.011651731887065253,0.011651731887065253
5.5,5.684398875491553,-0.18439887549155287,0.18439887549155287
1.0,0.9614234666816708,0.03857653331832922,0.03857653331832922
4.0,3.8892067865432236,0.1107932134567764,0.1107932134567764
4.0,4.085005065906933,-0.08500506590693302,0.08500506590693302
1.0,0.9823944718168915,0.017605528183108454,0.017605528183108454
7.0,6.903318760921108,0.09668123907889203,0.09668123907889203
4.0,3.9818342513345537,0.01816574866544629,0.01816574866544629
4.0,4.023281629406538,-0.02328162940653833,0.02328162940653833
4.0,4.103547425780677,-0.10354742578067722,0.10354742578067722
1.0,0.9653530017838104,0.03464699821618955,0.03464699821618955
7.0,6.082866266255676,0.9171337337443237,0.9171337337443237
4.0,3.9993054758279496,0.0006945241720504036,0.0006945241720504036
7.0,7.005052430032979,-0.005052430032979061,0.005052430032979061
4.0,4.571757597929576,-0.5717575979295759,0.5717575979295759
7.0,5.815349267173948,1.1846507328260518,1.1846507328260518
4.0,4.3657678789897,-0.36576787898969965,0.36576787898969965
5.5,5.449235656986206,0.05076434301379429,0.05076434301379429
4.0,3.6912644221454594,0.30873557785454064,0.30873557785454064
2.5,2.664199521830815,-0.164199521830815,0.164199521830815
1.0,1.0125611914803825,-0.012561191480382483,0.012561191480382483
4.0,3.9961712784355594,0.0038287215644405848,0.0038287215644405848
7.0,6.800219418917396,0.19978058108260388,0.19978058108260388
4.0,3.7384249944203325,0.2615750055796675,0.2615750055796675
5.5,5.166977016186347,0.33302298381365336,0.33302298381365336
5.5,5.458525510884333,0.04147448911566709,0.04147448911566709
4.0,4.00923948054293,-0.00923948054292989,0.00923948054292989
5.5,5.07088693210945,0.42911306789055015,0.42911306789055015
7.0,7.007613202267906,-0.007613202267905628,0.007613202267905628
5.5,6.390712242670123,-0.8907122426701228,0.8907122426701228
7.0,7.013456888682086,-0.013456888682085832,0.013456888682085832
7.0,7.016067579663547,-0.016067579663546994,0.016067579663546994
4.0,3.846238863351988,0.15376113664801183,0.15376113664801183
1.0,0.9941753271544201,0.005824672845579859,0.005824672845579859
5.5,5.026631630519859,0.4733683694801414,0.4733683694801414
1.0,1.0231669870460538,-0.0231669870460538,0.0231669870460538
7.0,7.002095072905119,-0.002095072905119011,0.002095072905119011
4.0,4.286538983509941,-0.2865389835099412,0.2865389835099412
5.5,4.396166119207146,1.1038338807928536,1.1038338807928536
4.0,4.526493052449205,-0.5264930524492053,0.5264930524492053
7.0,7.001686396938669,-0.0016863969386688993,0.0016863969386688993
5.5,5.660899256190266,-0.16089925619026602,0.16089925619026602
5.5,5.6896697902653255,-0.1896697902653255,0.1896697902653255
4.0,3.959444634031659,0.04055536596834086,0.04055536596834086
4.0,3.9991587549336964,0.0008412450663035642,0.0008412450663035642
5.5,6.8814306917669175,-1.3814306917669175,1.3814306917669175
4.0,3.9648448134825243,0.035155186517475734,0.035155186517475734
7.0,7.011477680916625,-0.0114776809166246,0.0114776809166246
7.0,6.949709789859371,0.050290210140628844,0.050290210140628844
2.5,2.447946238970119,0.052053761029880796,0.052053761029880796
2.5,2.433302402020119,0.06669759797988117,0.06669759797988117
4.0,4.195068421264197,-0.19506842126419688,0.19506842126419688
5.5,4.81768489048771,0.6823151095122899,0.6823151095122899
4.0,3.986779338142135,0.013220661857864968,0.013220661857864968
7.0,7.024456802070715,-0.024456802070715433,0.024456802070715433
5.5,5.699755110046525,-0.19975511004652535,0.19975511004652535
4.0,4.0061034075364885,-0.006103407536488525,0.006103407536488525
7.0,6.834060091512192,0.16593990848780837,0.16593990848780837
5.5,4.427396582784053,1.072603417215947,1.072603417215947
5.5,5.5412108552050245,-0.041210855205024544,0.041210855205024544
7.0,6.887886636909124,0.11211336309087638,0.11211336309087638
2.5,2.529081058317538,-0.029081058317538044,0.029081058317538044
4.0,3.90409025343754,0.0959097465624601,0.0959097465624601
5.5,4.596462228027919,0.903537771972081,0.903537771972081
5.5,4.438334694883387,1.0616653051166134,1.0616653051166134
4.0,4.030905437059768,-0.03090543705976767,0.03090543705976767
5.5,5.526956034886085,-0.026956034886085334,0.026956034886085334
1.0,1.0756194984063878,-0.07561949840638782,0.07561949840638782
7.0,6.009535321667096,0.9904646783329039,0.9904646783329039
5.5,5.881215955392204,-0.38121595539220365,0.38121595539220365
4.0,4.000335906271182,-0.00033590627118229577,0.00033590627118229577
5.5,5.979527209023056,-0.4795272090230558,0.4795272090230558
5.5,5.9094843054700785,-0.4094843054700785,0.4094843054700785
4.0,4.124852260304719,-0.12485226030471885,0.12485226030471885
4.0,4.340505175103928,-0.3405051751039281,0.3405051751039281
7.0,6.907255984743818,0.09274401525618181,0.09274401525618181
4.0,4.008106311360576,-0.008106311360576157,0.008106311360576157
2.5,2.498891939007936,0.0011080609920641749,0.0011080609920641749
1.0,1.011346531333915,-0.011346531333914944,0.011346531333914944
4.0,4.028829789203112,-0.028829789203111744,0.028829789203111744
7.0,7.01353023600417,-0.013530236004170249,0.013530236004170249
4.0,4.149874007611605,-0.1498740076116052,0.1498740076116052
5.5,4.720319547036804,0.7796804529631958,0.7796804529631958
4.0,4.008037410126955,-0.008037410126955358,0.008037410126955358
1.0,1.017489917574761,-0.017489917574760927,0.017489917574760927
5.5,5.448386286423413,0.05161371357658684,0.05161371357658684
4.0,4.056722413131289,-0.056722413131288896,0.056722413131288896
7.0,7.0082619103020125,-0.00826191030201251,0.00826191030201251
5.5,5.622578263436654,-0.12257826343665368,0.12257826343665368
1.0,0.9300591665860459,0.06994083341395407,0.06994083341395407
7.0,6.558218636607183,0.44178136339281693,0.44178136339281693
7.0,6.995803885483829,0.004196114516171079,0.004196114516171079
7.0,6.999649437115955,0.0003505628840452246,0.0003505628840452246
7.0,6.999655118896909,0.0003448811030910548,0.0003448811030910548
5.5,5.493012908242163,0.006987091757837405,0.006987091757837405
4.0,4.116630121492741,-0.11663012149274099,0.11663012149274099
5.5,4.586104543135973,0.9138954568640267,0.9138954568640267
1.0,0.9815008440116423,0.01849915598835772,0.01849915598835772
5.5,5.5216483107576515,-0.0216483107576515,0.0216483107576515
4.0,4.624364162183104,-0.6243641621831042,0.6243641621831042
5.5,5.542846612048039,-0.04284661204803886,0.04284661204803886
4.0,4.001714500853049,-0.001714500853048584,0.001714500853048584
4.0,4.227396092314327,-0.22739609231432656,0.22739609231432656
4.0,3.5054647328328987,0.4945352671671013,0.4945352671671013
4.0,3.621460047085396,0.37853995291460407,0.37853995291460407
5.5,5.374382145629773,0.1256178543702271,0.1256178543702271
7.0,6.7746209819241265,0.22537901807587346,0.22537901807587346
4.0,4.012308561280744,-0.012308561280743646,0.012308561280743646
5.5,4.527303131024146,0.972696868975854,0.972696868975854
2.5,2.6605650427708474,-0.16056504277084738,0.16056504277084738
4.0,3.4584242876723326,0.5415757123276674,0.5415757123276674
4.0,5.1454835378672765,-1.1454835378672765,1.1454835378672765
5.5,4.405412328268359,1.0945876717316407,1.0945876717316407
2.5,2.432968188626413,0.06703181137358705,0.06703181137358705
1.0,1.0283338845308716,-0.0283338845308716,0.0283338845308716
4.0,3.949851679662075,0.050148320337925156,0.050148320337925156
4.0,4.002222533270672,-0.0022225332706717893,0.0022225332706717893
4.0,3.788050267918946,0.21194973208105417,0.21194973208105417
5.5,5.588334880976804,-0.08833488097680409,0.08833488097680409
4.0,3.982055613982387,0.017944386017612945,0.017944386017612945
7.0,6.2114637325309205,0.7885362674690795,0.7885362674690795
5.5,4.623822328859951,0.8761776711400486,0.8761776711400486
7.0,7.011167497419008,-0.011167497419007688,0.011167497419007688
5.5,4.6364770077716475,0.8635229922283525,0.8635229922283525
1.0,0.9854434046649438,0.014556595335056155,0.014556595335056155
5.5,4.438570899466942,1.0614291005330578,1.0614291005330578
5.5,4.456395121939115,1.0436048780608846,1.0436048780608846
7.0,6.938581914252183,0.0614180857478166,0.0614180857478166
5.5,5.769299151981322,-0.2692991519813219,0.2692991519813219
7.0,7.017603198760867,-0.01760319876086669,0.01760319876086669
4.0,3.846990735025413,0.1530092649745871,0.1530092649745871
5.5,4.113321171550807,1.3866788284491927,1.3866788284491927
2.5,2.6797710015436773,-0.1797710015436773,0.1797710015436773
5.5,4.225884688716994,1.2741153112830057,1.2741153112830057
5.5,5.579576534897344,-0.07957653489734362,0.07957653489734362
1.0,0.970631954255927,0.029368045744073035,0.029368045744073035
4.0,3.973176269907441,0.026823730092559117,0.026823730092559117
7.0,6.993923753889868,0.006076246110131578,0.006076246110131578
5.5,6.131757377468471,-0.631757377468471,0.631757377468471
5.5,5.291397720888286,0.20860227911171414,0.20860227911171414
7.0,7.015366454961603,-0.015366454961602827,0.015366454961602827
4.0,4.31095626343845,-0.31095626343844973,0.31095626343844973
7.0,6.586348908004829,0.41365109199517125,0.41365109199517125
5.5,5.812949608814636,-0.31294960881463574,0.31294960881463574
1.0,1.0213101882305433,-0.021310188230543314,0.021310188230543314
2.5,2.4200721802255822,0.07992781977441776,0.07992781977441776
1.0,0.9622711327643442,0.03772886723565583,0.03772886723565583
4.0,4.471454827627142,-0.4714548276271424,0.4714548276271424
5.5,5.623479969006612,-0.1234799690066124,0.1234799690066124
4.0,3.962483665516792,0.0375163344832079,0.0375163344832079
1.0,0.9420798899826603,0.057920110017339654,0.057920110017339654
1.0,0.9714616048261471,0.028538395173852926,0.028538395173852926
5.5,4.9938979327184825,0.5061020672815175,0.5061020672815175
5.5,5.4060282917631435,0.09397170823685652,0.09397170823685652
4.0,3.942048554494759,0.057951445505240784,0.057951445505240784
7.0,6.714662317219023,0.2853376827809768,0.2853376827809768
4.0,4.241517554228423,-0.24151755422842314,0.24151755422842314
5.5,5.867174667445523,-0.3671746674455232,0.3671746674455232
4.0,3.9731197098262916,0.02688029017370841,0.02688029017370841
4.0,4.4464495261034465,-0.44644952610344646,0.44644952610344646
5.5,5.733408281078341,-0.23340828107834088,0.23340828107834088
1.0,0.9907389942055107,0.009261005794489297,0.009261005794489297
5.5,5.634289540123674,-0.13428954012367367,0.13428954012367367
5.5,6.0230221643518815,-0.5230221643518815,0.5230221643518815
5.5,5.125723203744451,0.37427679625554866,0.37427679625554866
5.5,5.870895704553571,-0.370895704553571,0.370895704553571
4.0,5.132774440414239,-1.1327744404142388,1.1327744404142388
4.0,4.95373919269164,-0.9537391926916401,0.9537391926916401
5.5,5.622867820372001,-0.12286782037200084,0.12286782037200084
7.0,7.017319601317272,-0.01731960131727206,0.01731960131727206
4.0,3.952188604236593,0.047811395763407205,0.047811395763407205
5.5,5.524893328882948,-0.02489332888294804,0.02489332888294804
5.5,5.995444953974448,-0.4954449539744479,0.4954449539744479
4.0,4.019993242518321,-0.019993242518321352,0.019993242518321352
4.0,3.7978191814751976,0.2021808185248024,0.2021808185248024
5.5,6.787840432575832,-1.2878404325758321,1.2878404325758321
7.0,6.984988657010281,0.015011342989718734,0.015011342989718734
7.0,7.01766040469471,-0.017660404694709975,0.017660404694709975
4.0,4.6334809641580135,-0.6334809641580135,0.6334809641580135
4.0,4.0945278586680365,-0.09452785866803648,0.09452785866803648
5.5,5.934399410066224,-0.4343994100662236,0.4343994100662236
5.5,5.825876331539247,-0.3258763315392468,0.3258763315392468
7.0,7.034123372895188,-0.03412337289518774,0.03412337289518774
4.0,4.033139479536015,-0.033139479536014704,0.033139479536014704
4.0,3.3814560596461556,0.6185439403538444,0.6185439403538444
4.0,4.136108385573637,-0.13610838557363714,0.13610838557363714
7.0,7.0207349250586795,-0.020734925058679465,0.020734925058679465
5.5,5.508025455413594,-0.008025455413593896,0.008025455413593896
5.5,4.922942905746343,0.5770570942536573,0.5770570942536573
4.0,3.2976592405849603,0.7023407594150397,0.7023407594150397
4.0,4.233174112911369,-0.23317411291136914,0.23317411291136914
4.0,3.6713859483815505,0.3286140516184495,0.3286140516184495
7.0,6.991967585257411,0.008032414742588756,0.008032414742588756
4.0,4.480278475034987,-0.48027847503498666,0.48027847503498666
4.0,3.900595102280736,0.09940489771926408,0.09940489771926408
7.0,6.24023103421215,0.7597689657878499,0.7597689657878499
4.0,3.9916353285565402,0.008364671443459759,0.008364671443459759
5.5,5.690701735053252,-0.19070173505325183,0.19070173505325183
5.5,4.855296281623451,0.6447037183765492,0.6447037183765492
7.0,5.744754121948291,1.255245878051709,1.255245878051709
4.0,4.276535226722328,-0.276535226722328,0.276535226722328
1.0,1.06690238698851,-0.06690238698850992,0.06690238698850992
1.0,0.9496354856275818,0.05036451437241818,0.05036451437241818
1.0,0.9182261485918607,0.08177385140813931,0.08177385140813931
4.0,4.003845728109133,-0.003845728109133084,0.003845728109133084
4.0,4.004300686418417,-0.004300686418416966,0.004300686418416966
5.5,5.083560420641636,0.4164395793583644,0.4164395793583644
4.0,5.143554830786476,-1.143554830786476,1.143554830786476
4.0,3.906207245385283,0.09379275461471703,0.09379275461471703
7.0,6.309218940082714,0.6907810599172857,0.6907810599172857
5.5,5.60120812444038,-0.10120812444038041,0.10120812444038041
4.0,4.004833214511824,-0.004833214511823947,0.004833214511823947
7.0,7.010036197982789,-0.010036197982788764,0.010036197982788764
5.5,5.834839540856748,-0.3348395408567484,0.3348395408567484
4.0,4.002208547405089,-0.002208547405088801,0.002208547405088801
5.5,6.228403929927182,-0.7284039299271816,0.7284039299271816
1.0,1.051115942460126,-0.05111594246012596,0.05111594246012596
4.0,5.051679297166419,-1.0516792971664186,1.0516792971664186
1.0,1.0176888909700768,-0.017688890970076754,0.017688890970076754
4.0,4.373610814361954,-0.3736108143619541,0.3736108143619541
5.5,4.475545674241346,1.0244543257586542,1.0244543257586542
4.0,4.115308176706866,-0.11530817670686577,0.11530817670686577
4.0,4.205505584039248,-0.20550558403924768,0.20550558403924768
7.0,7.003075101059143,-0.003075101059143215,0.003075101059143215
4.0,4.017847764474972,-0.01784776447497194,0.01784776447497194
4.0,3.9881292421622163,0.011870757837783685,0.011870757837783685
7.0,7.021012949809799,-0.02101294980979862,0.02101294980979862
5.5,6.164119123129134,-0.6641191231291339,0.6641191231291339
5.5,4.399955522485984,1.1000444775140164,1.1000444775140164
4.0,4.26672115605692,-0.2667211560569198,0.2667211560569198
5.5,5.637128345082059,-0.13712834508205862,0.13712834508205862
5.5,4.777474987399973,0.7225250126000269,0.7225250126000269
7.0,6.011971009391574,0.9880289906084263,0.9880289906084263
1.0,1.0891911144159554,-0.0891911144159554,0.0891911144159554
5.5,5.56997001196383,-0.06997001196382957,0.06997001196382957
7.0,6.9900171406005995,0.009982859399400468,0.009982859399400468
1.0,1.117927157862697,-0.11792715786269703,0.11792715786269703
4.0,3.9614327973606858,0.038567202639314235,0.038567202639314235
4.0,4.391819103201844,-0.3918191032018443,0.3918191032018443
4.0,3.995714262620095,0.004285737379905008,0.004285737379905008
5.5,5.761818546383574,-0.2618185463835738,0.2618185463835738
5.5,5.592258789371157,-0.09225878937115706,0.09225878937115706
5.5,5.4964439810192145,0.0035560189807855025,0.0035560189807855025
4.0,4.390058966205285,-0.39005896620528535,0.39005896620528535
4.0,3.987006551070274,0.012993448929726092,0.012993448929726092
4.0,3.9147213867636257,0.08527861323637431,0.08527861323637431
5.5,5.830309805377182,-0.3303098053771816,0.3303098053771816
2.5,2.6230606364759983,-0.1230606364759983,0.1230606364759983
7.0,7.004752254133882,-0.004752254133881806,0.004752254133881806
7.0,7.018787964855199,-0.018787964855198958,0.018787964855198958
4.0,5.162582877378755,-1.162582877378755,1.162582877378755
4.0,3.9985771027138424,0.0014228972861576317,0.0014228972861576317
2.5,2.5970655882574034,-0.09706558825740341,0.09706558825740341
4.0,3.4455325421959087,0.5544674578040913,0.5544674578040913
5.5,5.602238891845044,-0.10223889184504387,0.10223889184504387
7.0,6.9867385754515,0.013261424548500322,0.013261424548500322
4.0,3.9741170200961493,0.02588297990385069,0.02588297990385069
5.5,5.515185375556976,-0.01518537555697641,0.01518537555697641
5.5,6.017328131952105,-0.5173281319521053,0.5173281319521053
7.0,7.050046097093158,-0.05004609709315844,0.05004609709315844
4.0,4.484261373986911,-0.4842613739869108,0.4842613739869108
7.0,7.014961036922764,-0.01496103692276396,0.01496103692276396
5.5,5.8619781527562616,-0.36197815275626155,0.36197815275626155
4.0,3.9687160926716345,0.0312839073283655,0.0312839073283655
7.0,7.0074700034094075,-0.007470003409407511,0.007470003409407511
4.0,3.9943956230512345,0.005604376948765477,0.005604376948765477
1.0,0.9797220399447493,0.020277960055250732,0.020277960055250732
7.0,6.844238691829883,0.15576130817011702,0.15576130817011702
5.5,5.766595671030353,-0.26659567103035275,0.26659567103035275
4.0,3.794146563694791,0.20585343630520914,0.20585343630520914
4.0,3.9372068424329827,0.06279315756701731,0.06279315756701731
1.0,1.0647421742010246,-0.06474217420102457,0.06474217420102457
7.0,6.996205718915671,0.0037942810843292207,0.0037942810843292207
4.0,3.6466490050842153,0.3533509949157847,0.3533509949157847
5.5,5.63123788159232,-0.13123788159231964,0.13123788159231964
4.0,5.24918267701426,-1.24918267701426,1.24918267701426
4.0,3.8999090298252552,0.10009097017474478,0.10009097017474478
5.5,5.168654128882958,0.3313458711170423,0.3313458711170423
2.5,2.51518574626879,-0.015185746268790101,0.015185746268790101
7.0,6.989008056629071,0.01099194337092868,0.01099194337092868
5.5,6.251949050155467,-0.7519490501554671,0.7519490501554671
7.0,7.020054967270225,-0.02005496727022482,0.02005496727022482
4.0,4.3298210329779865,-0.3298210329779865,0.3298210329779865
5.5,5.82579278749002,-0.3257927874900197,0.3257927874900197
5.5,5.932790617848439,-0.43279061784843886,0.43279061784843886
4.0,4.275808050352,-0.2758080503520004,0.2758080503520004
4.0,4.606708245385631,-0.6067082453856312,0.6067082453856312
4.0,4.023953319247224,-0.02395331924722388,0.02395331924722388
7.0,6.999973196071467,2.680392853271485e-05,2.680392853271485e-05
4.0,3.65154939007376,0.3484506099262399,0.3484506099262399
5.5,5.148766878760239,0.351233121239761,0.351233121239761
5.5,5.827205495238325,-0.3272054952383252,0.3272054952383252
2.5,3.8549345605230876,-1.3549345605230876,1.3549345605230876
4.0,4.656776691242824,-0.6567766912428237,0.6567766912428237
4.0,4.000286959751971,-0.0002869597519712386,0.0002869597519712386
7.0,7.004313892039008,-0.004313892039007783,0.004313892039007783
4.0,4.026056468405478,-0.026056468405477595,0.026056468405477595
5.5,5.522723411027935,-0.022723411027935292,0.022723411027935292
4.0,4.007038129150195,-0.007038129150195083,0.007038129150195083
2.5,2.6645473857737896,-0.16454738577378958,0.16454738577378958
4.0,4.148436536031383,-0.14843653603138307,0.14843653603138307
5.5,4.91968175729318,0.5803182427068201,0.5803182427068201
7.0,7.0251740147029,-0.02517401470290004,0.02517401470290004
1.0,0.9869334530107631,0.013066546989236927,0.013066546989236927
4.0,4.4261915199412805,-0.42619151994128046,0.42619151994128046
1.0,0.9504944437976911,0.0495055562023089,0.0495055562023089
2.5,2.552867506654825,-0.0528675066548252,0.0528675066548252
4.0,4.16751503992859,-0.16751503992859007,0.16751503992859007
7.0,6.987681504979982,0.01231849502001836,0.01231849502001836
7.0,7.0133693227489085,-0.013369322748908452,0.013369322748908452
5.5,4.284068279360931,1.2159317206390687,1.2159317206390687
4.0,3.9956628522491626,0.004337147750837378,0.004337147750837378
1.0,0.972645999564076,0.027354000435923953,0.027354000435923953
7.0,6.800201956409968,0.1997980435900324,0.1997980435900324
7.0,7.024194971059329,-0.02419497105932944,0.02419497105932944
4.0,4.058364368607672,-0.05836436860767158,0.05836436860767158
7.0,7.013498814058474,-0.013498814058474196,0.013498814058474196
4.0,4.0263570887733895,-0.026357088773389492,0.026357088773389492
4.0,4.441172267647162,-0.4411722676471621,0.4411722676471621
1.0,0.9816520568725853,0.018347943127414723,0.018347943127414723
4.0,4.2415753760016575,-0.24157537600165746,0.24157537600165746
2.5,2.554233643703764,-0.054233643703764045,0.054233643703764045
1.0,1.0781574317978588,-0.07815743179785883,0.07815743179785883
2.5,2.6549983338896253,-0.15499833388962525,0.15499833388962525
7.0,5.944552507008996,1.0554474929910036,1.0554474929910036
4.0,3.754639072614151,0.2453609273858488,0.2453609273858488
1.0,1.0755303898151565,-0.07553038981515647,0.07553038981515647
1.0,0.9326517836687725,0.06734821633122745,0.06734821633122745
7.0,7.019385415544995,-0.019385415544994622,0.019385415544994622
4.0,3.9605968753499305,0.039403124650069454,0.039403124650069454
5.5,5.7811665760107465,-0.28116657601074646,0.28116657601074646
5.5,5.77452995827712,-0.2745299582771201,0.2745299582771201
5.5,5.665738421597021,-0.16573842159702057,0.16573842159702057
4.0,4.706665250702494,-0.7066652507024944,0.7066652507024944
7.0,7.011191802999244,-0.01119180299924416,0.01119180299924416
7.0,6.993409593796949,0.006590406203050847,0.006590406203050847
5.5,5.586206371165622,-0.08620637116562158,0.08620637116562158
4.0,4.057401355073125,-0.05740135507312516,0.05740135507312516
4.0,4.3714090188302,-0.3714090188302004,0.3714090188302004
7.0,6.9238492595886765,0.07615074041132353,0.07615074041132353
1.0,0.9892143451156846,0.010785654884315377,0.010785654884315377
7.0,6.7899443966069475,0.21005560339305251,0.21005560339305251
7.0,6.155335710646427,0.844664289353573,0.844664289353573
4.0,4.077699247544854,-0.07769924754485391,0.07769924754485391
4.0,3.936479121733349,0.06352087826665098,0.06352087826665098
4.0,4.004008568057499,-0.004008568057498607,0.004008568057498607
7.0,6.264910264209007,0.7350897357909929,0.7350897357909929
5.5,6.159472639845361,-0.6594726398453608,0.6594726398453608
7.0,6.054487565028167,0.9455124349718327,0.9455124349718327
1.0,1.0043824443863607,-0.0043824443863607065,0.0043824443863607065
4.0,3.8950606280512488,0.10493937194875125,0.10493937194875125
5.5,6.1739116240783165,-0.6739116240783165,0.6739116240783165
4.0,4.005278885580022,-0.005278885580022319,0.005278885580022319
4.0,3.9915247478930804,0.008475252106919573,0.008475252106919573
5.5,5.506318829623049,-0.0063188296230487495,0.0063188296230487495
4.0,4.147652928972999,-0.14765292897299886,0.14765292897299886
5.5,5.434998737046391,0.06500126295360875,0.06500126295360875
5.5,6.162435759607711,-0.6624357596077113,0.6624357596077113
7.0,7.009878829443783,-0.0098788294437826,0.0098788294437826
4.0,4.223656515455603,-0.22365651545560272,0.22365651545560272
7.0,7.01429584181435,-0.014295841814350396,0.014295841814350396
7.0,7.008769975343581,-0.008769975343581038,0.008769975343581038
1.0,0.9930202016789456,0.006979798321054442,0.006979798321054442
1.0,1.4065283699775188,-0.40652836997751884,0.40652836997751884
4.0,3.775922712796163,0.22407728720383702,0.22407728720383702
5.5,5.483066547198829,0.016933452801170645,0.016933452801170645
1.0,1.0817826249183504,-0.08178262491835042,0.08178262491835042
4.0,4.4274472326093335,-0.4274472326093335,0.4274472326093335
4.0,4.421134437209826,-0.421134437209826,0.421134437209826
4.0,3.524930099162823,0.4750699008371768,0.4750699008371768
5.5,5.350199906929851,0.14980009307014885,0.14980009307014885
4.0,4.1130612870303285,-0.11306128703032847,0.11306128703032847
5.5,5.306795991218504,0.19320400878149613,0.19320400878149613
2.5,2.6678972069111886,-0.1678972069111886,0.1678972069111886
2.5,2.673385204916355,-0.17338520491635512,0.17338520491635512
4.0,3.707454095579022,0.29254590442097816,0.29254590442097816
7.0,5.879327484065919,1.1206725159340811,1.1206725159340811
5.5,5.729542528968668,-0.22954252896866834,0.22954252896866834
4.0,3.850493813323393,0.1495061866766072,0.1495061866766072
5.5,4.639307765436268,0.8606922345637322,0.8606922345637322
4.0,3.989192636410988,0.01080736358901202,0.01080736358901202
4.0,4.010367189204178,-0.010367189204178118,0.010367189204178118
7.0,7.014855066603236,-0.014855066603235656,0.014855066603235656
5.5,5.849579151083205,-0.3495791510832049,0.3495791510832049
5.5,5.6616228941387625,-0.16162289413876252,0.16162289413876252
4.0,4.459217182926162,-0.459217182926162,0.459217182926162
4.0,4.4625887348004465,-0.4625887348004465,0.4625887348004465
4.0,3.9401720172458754,0.0598279827541246,0.0598279827541246
4.0,3.969839799885806,0.03016020011419407,0.03016020011419407
4.0,4.015484703781683,-0.015484703781683429,0.015484703781683429
2.5,2.513688987893139,-0.013688987893138993,0.013688987893138993
2.5,2.629009642999514,-0.129009642999514,0.129009642999514
4.0,3.9141708814301235,0.08582911856987652,0.08582911856987652
7.0,7.021931496823359,-0.02193149682335882,0.02193149682335882
7.0,7.000413084920158,-0.00041308492015801335,0.00041308492015801335
5.5,5.842536083452654,-0.34253608345265363,0.34253608345265363
4.0,4.0188758659760655,-0.018875865976065498,0.018875865976065498
4.0,3.982274953785788,0.017725046214212004,0.017725046214212004
5.5,5.5445150615834535,-0.04451506158345353,0.04451506158345353
7.0,6.75957507358334,0.2404249264166598,0.2404249264166598
4.0,4.001046986390289,-0.0010469863902891063,0.0010469863902891063
5.5,4.4565009083505505,1.0434990916494495,1.0434990916494495
4.0,3.937260947561151,0.06273905243884892,0.06273905243884892
5.5,5.487285663364938,0.01271433663506194,0.01271433663506194
7.0,5.826866007377542,1.173133992622458,1.173133992622458
5.5,5.943666328178495,-0.4436663281784954,0.4436663281784954
7.0,7.010502210701853,-0.010502210701853087,0.010502210701853087
2.5,2.68282974558951,-0.18282974558951004,0.18282974558951004
4.0,4.282923371719726,-0.28292337171972637,0.28292337171972637
4.0,3.99418338131341,0.005816618686589781,0.005816618686589781
4.0,4.673941644391753,-0.6739416443917534,0.6739416443917534
4.0,4.019191923685754,-0.019191923685753842,0.019191923685753842
1.0,0.9809106912726921,0.019089308727307852,0.019089308727307852
4.0,4.0083392550526264,-0.008339255052626449,0.008339255052626449
2.5,2.467592025570156,0.032407974429844,0.032407974429844
4.0,4.470260444335107,-0.47026044433510705,0.47026044433510705
5.5,5.649605380770381,-0.14960538077038077,0.14960538077038077
4.0,4.152987803373381,-0.1529878033733807,0.1529878033733807
1.0,0.9859279141765922,0.014072085823407798,0.014072085823407798
4.0,3.937113680986642,0.06288631901335817,0.06288631901335817
4.0,4.1982969035376305,-0.19829690353763052,0.19829690353763052
2.5,3.6223292760214143,-1.1223292760214143,1.1223292760214143
1.0,0.9952099943768407,0.0047900056231593435,0.0047900056231593435
4.0,3.9940064971281735,0.005993502871826539,0.005993502871826539
7.0,7.013979665016759,-0.013979665016758958,0.013979665016758958
7.0,7.0125125499381475,-0.012512549938147544,0.012512549938147544
2.5,3.4386533261158436,-0.9386533261158436,0.9386533261158436
4.0,4.236453307687208,-0.23645330768720818,0.23645330768720818
2.5,2.524246898338834,-0.0242468983388342,0.0242468983388342
4.0,4.512546471470052,-0.5125464714700518,0.5125464714700518
4.0,3.989953384220088,0.01004661577991195,0.01004661577991195
5.5,4.915884318552332,0.5841156814476678,0.5841156814476678
1.0,0.979643532140388,0.020356467859611982,0.020356467859611982
4.0,4.017436531656863,-0.01743653165686343,0.01743653165686343
4.0,4.070796720373604,-0.07079672037360396,0.07079672037360396
4.0,4.5634144072280165,-0.5634144072280165,0.5634144072280165
7.0,5.866518700566664,1.1334812994333356,1.1334812994333356
2.5,2.5710841823525485,-0.07108418235254854,0.07108418235254854
5.5,5.470196236419969,0.029803763580030562,0.029803763580030562
2.5,3.7555506901156313,-1.2555506901156313,1.2555506901156313
5.5,5.771097094133923,-0.271097094133923,0.271097094133923
1.0,1.1211574351661453,-0.1211574351661453,0.1211574351661453
5.5,5.859171534423147,-0.3591715344231474,0.3591715344231474
5.5,6.085574585102034,-0.5855745851020338,0.5855745851020338
4.0,4.041819070470916,-0.0418190704709156,0.0418190704709156
2.5,2.433551994483258,0.06644800551674201,0.06644800551674201
7.0,6.816087569879886,0.18391243012011405,0.18391243012011405
4.0,3.991120441353052,0.008879558646948116,0.008879558646948116
5.5,5.639209250482489,-0.1392092504824891,0.1392092504824891
5.5,5.9398098239157235,-0.43980982391572354,0.43980982391572354
4.0,4.001644934102386,-0.0016449341023863084,0.0016449341023863084
4.0,3.932480151820707,0.06751984817929291,0.06751984817929291
5.5,5.531933242842728,-0.031933242842727694,0.031933242842727694
5.5,5.799235073414435,-0.2992350734144349,0.2992350734144349
4.0,4.000478860797817,-0.00047886079781722657,0.00047886079781722657
4.0,4.674918475942025,-0.6749184759420253,0.6749184759420253
4.0,4.967851084830478,-0.9678510848304782,0.9678510848304782
5.5,5.069783815010837,0.43021618498916325,0.43021618498916325
2.5,2.5072060577192676,-0.007206057719267633,0.007206057719267633
4.0,4.20868586317753,-0.20868586317753035,0.20868586317753035
4.0,3.9658298288059024,0.0341701711940976,0.0341701711940976
5.5,5.956857552311342,-0.45685755231134184,0.45685755231134184
4.0,4.170168795421871,-0.1701687954218709,0.1701687954218709
4.0,4.008463631788853,-0.008463631788853121,0.008463631788853121
4.0,4.122193524737275,-0.12219352473727518,0.12219352473727518
7.0,6.980571053664288,0.019428946335711572,0.019428946335711572
7.0,7.023734220066777,-0.02373422006677739,0.02373422006677739
7.0,6.990901941180069,0.009098058819930976,0.009098058819930976
5.5,4.992304994025514,0.5076950059744858,0.5076950059744858
1.0,0.9945668624702202,0.005433137529779808,0.005433137529779808
5.5,5.509496375767418,-0.009496375767417575,0.009496375767417575
7.0,6.99650934491407,0.003490655085929717,0.003490655085929717
2.5,2.466412614004093,0.03358738599590705,0.03358738599590705
5.5,4.375933392474912,1.124066607525088,1.124066607525088
4.0,4.015697965738536,-0.015697965738535657,0.015697965738535657
4.0,4.247507061858017,-0.24750706185801707,0.24750706185801707
5.5,4.469630092168049,1.0303699078319513,1.0303699078319513
7.0,7.007978169606729,-0.007978169606729146,0.007978169606729146
4.0,3.9966638653625735,0.0033361346374265466,0.0033361346374265466
4.0,4.5271153911614785,-0.5271153911614785,0.5271153911614785
4.0,3.940491160338502,0.05950883966149778,0.05950883966149778
7.0,6.961667583696903,0.03833241630309736,0.03833241630309736
4.0,3.9597613089779844,0.040238691022015605,0.040238691022015605
1.0,1.082407106847008,-0.08240710684700803,0.08240710684700803
4.0,4.498257661048717,-0.4982576610487168,0.4982576610487168
7.0,6.708212363749425,0.29178763625057513,0.29178763625057513
5.5,4.759238709941041,0.7407612900589591,0.7407612900589591
7.0,6.200140750047039,0.7998592499529611,0.7998592499529611
4.0,4.616509637149214,-0.616509637149214,0.616509637149214
4.0,3.9920491111515406,0.007950888848459403,0.007950888848459403
4.0,3.812362218530309,0.1876377814696908,0.1876377814696908
5.5,5.326764792386506,0.17323520761349442,0.17323520761349442
4.0,4.068368706911796,-0.0683687069117962,0.0683687069117962
5.5,5.105338967900861,0.3946610320991386,0.3946610320991386
5.5,5.9232586639626765,-0.42325866396267653,0.42325866396267653
5.5,5.526290734159347,-0.026290734159347018,0.026290734159347018
4.0,4.228303109763352,-0.22830310976335166,0.22830310976335166
4.0,3.9975010045220323,0.002498995477967725,0.002498995477967725
5.5,5.217620251465846,0.2823797485341544,0.2823797485341544
5.5,5.509759858238275,-0.009759858238274965,0.009759858238274965
5.5,4.335384289520985,1.1646157104790147,1.1646157104790147
4.0,4.919957444507703,-0.9199574445077028,0.9199574445077028
7.0,7.007042140377688,-0.007042140377688355,0.007042140377688355
7.0,6.943225303832753,0.056774696167247285,0.056774696167247285
5.5,5.619030308452652,-0.11903030845265228,0.11903030845265228
4.0,4.237102303099948,-0.23710230309994795,0.23710230309994795
7.0,6.154064651064774,0.8459353489352264,0.8459353489352264
2.5,2.5656011933676837,-0.06560119336768366,0.06560119336768366
7.0,7.002879936549979,-0.0028799365499789786,0.0028799365499789786
4.0,3.8524350400016,0.1475649599983999,0.1475649599983999
1.0,0.9933620789325194,0.006637921067480623,0.006637921067480623
4.0,3.249354922226637,0.7506450777733629,0.7506450777733629
5.5,6.27024216935883,-0.7702421693588297,0.7702421693588297
1.0,1.0676355294798845,-0.06763552947988449,0.06763552947988449
4.0,4.015630988559605,-0.015630988559604653,0.015630988559604653
1.0,1.0045768774437054,-0.004576877443705385,0.004576877443705385
4.0,3.9777369042286677,0.022263095771332342,0.022263095771332342
1.0,1.0135785294425346,-0.01357852944253457,0.01357852944253457
7.0,6.14423559314341,0.8557644068565899,0.8557644068565899
5.5,5.6368861776007835,-0.13688617760078348,0.13688617760078348
1.0,0.9698565802505239,0.030143419749476097,0.030143419749476097
4.0,3.7878156851138045,0.2121843148861955,0.2121843148861955
5.5,5.784922329188834,-0.2849223291888343,0.2849223291888343
4.0,4.004268332025239,-0.004268332025239019,0.004268332025239019
2.5,2.527754991558809,-0.027754991558809117,0.027754991558809117
4.0,4.695813426934301,-0.6958134269343006,0.6958134269343006
5.5,5.214297412905378,0.2857025870946224,0.2857025870946224
5.5,5.798923195878182,-0.2989231958781824,0.2989231958781824
5.5,5.301403872938645,0.19859612706135543,0.19859612706135543
4.0,3.9805014017105345,0.01949859828946554,0.01949859828946554
4.0,3.965478143724404,0.03452185627559601,0.03452185627559601
4.0,3.9944503247962118,0.00554967520378824,0.00554967520378824
5.5,5.519966523433506,-0.01996652343350558,0.01996652343350558
5.5,5.549631116145233,-0.049631116145232745,0.049631116145232745
7.0,7.015059989911475,-0.015059989911475391,0.015059989911475391
7.0,5.977165134193013,1.0228348658069866,1.0228348658069866
7.0,7.014148778921188,-0.0141487789211876,0.0141487789211876
7.0,7.000329412025867,-0.00032941202586656004,0.00032941202586656004
5.5,5.23277783164788,0.2672221683521201,0.2672221683521201
7.0,6.988317583323445,0.011682416676555007,0.011682416676555007
7.0,7.001834414244136,-0.0018344142441364397,0.0018344142441364397
4.0,3.951252887593301,0.048747112406699156,0.048747112406699156
1.0,1.0448253153210205,-0.04482531532102052,0.04482531532102052
7.0,6.995748813670017,0.004251186329982559,0.004251186329982559
5.5,4.2549872014106525,1.2450127985893475,1.2450127985893475
5.5,5.680664347797363,-0.18066434779736262,0.18066434779736262
5.5,5.506512499227188,-0.006512499227188329,0.006512499227188329
4.0,4.33688171184537,-0.3368817118453702,0.3368817118453702
4.0,3.9620899855927365,0.03791001440726349,0.03791001440726349
4.0,3.984802941855875,0.015197058144125197,0.015197058144125197
4.0,4.578979823333299,-0.5789798233332988,0.5789798233332988
7.0,6.077806616335819,0.9221933836641814,0.9221933836641814
5.5,5.493336361533635,0.006663638466364752,0.006663638466364752
5.5,4.312091369629166,1.187908630370834,1.187908630370834
1.0,1.0280611329653209,-0.028061132965320867,0.028061132965320867
4.0,3.997669643107377,0.0023303568926231755,0.0023303568926231755
2.5,3.274563809341596,-0.7745638093415961,0.7745638093415961
4.0,3.2377980412207656,0.7622019587792344,0.7622019587792344
4.0,4.423148856870048,-0.4231488568700481,0.4231488568700481
4.0,3.9944171166920173,0.005582883307982733,0.005582883307982733
4.0,3.9955772319068332,0.0044227680931667734,0.0044227680931667734
4.0,4.268645858048041,-0.26864585804804086,0.26864585804804086
4.0,3.986264475324845,0.013735524675154931,0.013735524675154931
4.0,4.396852675296748,-0.3968526752967483,0.3968526752967483
4.0,3.978199039017186,0.021800960982814033,0.021800960982814033
5.5,5.475158289899067,0.024841710100933057,0.024841710100933057
5.5,4.489808757501323,1.010191242498677,1.010191242498677
4.0,3.993295571245774,0.006704428754225944,0.006704428754225944
7.0,7.00845306148964,-0.008453061489640312,0.008453061489640312
2.5,2.5387967444001367,-0.038796744400136696,0.038796744400136696
4.0,4.117951872946456,-0.11795187294645615,0.11795187294645615
4.0,3.999565280745411,0.00043471925458904437,0.00043471925458904437
7.0,6.03369121560868,0.9663087843913196,0.9663087843913196
5.5,6.142519968198054,-0.6425199681980542,0.6425199681980542
2.5,2.4996548686287285,0.00034513137127145654,0.00034513137127145654
7.0,6.888923820827671,0.11107617917232915,0.11107617917232915
2.5,2.6373633193221253,-0.1373633193221253,0.1373633193221253
5.5,5.5102636162884275,-0.010263616288427535,0.010263616288427535
4.0,3.9122777600514254,0.08772223994857464,0.08772223994857464
7.0,7.013923817723135,-0.013923817723134668,0.013923817723134668
5.5,5.538904977284709,-0.038904977284708764,0.038904977284708764
4.0,4.809892598017832,-0.8098925980178322,0.8098925980178322
7.0,6.628255752096018,0.3717442479039823,0.3717442479039823
5.5,5.118578469815252,0.3814215301847481,0.3814215301847481
7.0,7.005438073355387,-0.005438073355387374,0.005438073355387374
1.0,0.9782812596139677,0.021718740386032276,0.021718740386032276
4.0,3.967961797078735,0.032038202921265135,0.032038202921265135
4.0,4.025059934007501,-0.025059934007501283,0.025059934007501283
7.0,7.085256735171491,-0.08525673517149102,0.08525673517149102
5.5,5.978134401953055,-0.4781344019530547,0.4781344019530547
4.0,4.351540555263795,-0.3515405552637949,0.3515405552637949
7.0,7.021215270712885,-0.02121527071288476,0.02121527071288476
5.5,5.627929867632973,-0.12792986763297343,0.12792986763297343
4.0,3.9238577763363596,0.07614222366364043,0.07614222366364043
5.5,5.834440026349177,-0.3344400263491769,0.3344400263491769
5.5,5.524616553332196,-0.024616553332196034,0.024616553332196034
4.0,4.299076575385251,-0.2990765753852509,0.2990765753852509
2.5,2.7122219761393516,-0.21222197613935156,0.21222197613935156
5.5,5.495087816658101,0.0049121833418990235,0.0049121833418990235
2.5,3.4550882504743012,-0.9550882504743012,0.9550882504743012
4.0,4.252650621862072,-0.2526506218620721,0.2526506218620721
4.0,3.9315320946820034,0.06846790531799662,0.06846790531799662
4.0,4.006875347243014,-0.006875347243013863,0.006875347243013863
5.5,5.547158098011266,-0.04715809801126625,0.04715809801126625
4.0,3.9570322182918933,0.04296778170810667,0.04296778170810667
5.5,5.405807709649629,0.09419229035037091,0.09419229035037091
2.5,2.430043934231832,0.06995606576816815,0.06995606576816815
4.0,3.992075302499222,0.007924697500778066,0.007924697500778066
7.0,6.043807788847269,0.9561922111527306,0.9561922111527306
1.0,1.0329578755571729,-0.03295787555717289,0.03295787555717289
5.5,4.3922318896202786,1.1077681103797214,1.1077681103797214
7.0,6.970167371847473,0.029832628152527185,0.029832628152527185
7.0,7.012405555105987,-0.012405555105987176,0.012405555105987176
1.0,0.9908463876175791,0.00915361238242085,0.00915361238242085
7.0,6.96942840048551,0.030571599514489733,0.030571599514489733
5.5,5.45391023292751,0.04608976707249024,0.04608976707249024
5.5,5.946164862390127,-0.44616486239012687,0.44616486239012687
4.0,4.00438644348905,-0.004386443489050151,0.004386443489050151
4.0,4.240332589786931,-0.24033258978693084,0.24033258978693084
7.0,5.7070104205079515,1.2929895794920485,1.2929895794920485
4.0,4.001487855193084,-0.0014878551930843642,0.0014878551930843642
1.0,1.065070943066411,-0.06507094306641092,0.06507094306641092
5.5,4.702110463468472,0.7978895365315282,0.7978895365315282
4.0,4.330488267003442,-0.33048826700344236,0.33048826700344236
5.5,5.375666766891573,0.12433323310842681,0.12433323310842681
7.0,6.998655075634408,0.0013449243655916376,0.0013449243655916376
2.5,3.4460922981994573,-0.9460922981994573,0.9460922981994573
4.0,3.855009361363817,0.144990638636183,0.144990638636183
5.5,5.491930382151421,0.008069617848579291,0.008069617848579291
1.0,1.001426210507494,-0.0014262105074940301,0.0014262105074940301
2.5,2.622209684092276,-0.12220968409227595,0.12220968409227595
4.0,4.862029568965776,-0.8620295689657764,0.8620295689657764
5.5,4.595604285205944,0.904395714794056,0.904395714794056
4.0,3.9827687441414157,0.017231255858584316,0.017231255858584316
4.0,3.4133165768716647,0.5866834231283353,0.5866834231283353
4.0,4.267724535411601,-0.2677245354116007,0.2677245354116007
5.5,5.716443987068876,-0.21644398706887635,0.21644398706887635
4.0,4.0872528159816595,-0.08725281598165946,0.08725281598165946
4.0,4.2834932525832405,-0.28349325258324054,0.28349325258324054
1.0,1.2557677682148887,-0.25576776821488867,0.25576776821488867
5.5,5.628987587763743,-0.12898758776374297,0.12898758776374297
4.0,4.10273925588659,-0.10273925588658983,0.10273925588658983
5.5,5.7620832558873625,-0.2620832558873625,0.2620832558873625
4.0,4.125137345297286,-0.12513734529728637,0.12513734529728637
4.0,4.005386249453844,-0.0053862494538439165,0.0053862494538439165
5.5,5.92631236414914,-0.4263123641491404,0.4263123641491404
4.0,4.5358885615433255,-0.5358885615433255,0.5358885615433255
4.0,4.248760299274694,-0.24876029927469379,0.24876029927469379
5.5,5.740441712081008,-0.24044171208100806,0.24044171208100806
2.5,2.4951308895270703,0.004869110472929705,0.004869110472929705
4.0,4.02407040391787,-0.024070403917869854,0.024070403917869854
4.0,3.998717543802302,0.0012824561976980675,0.0012824561976980675
4.0,4.017343999897265,-0.017343999897264872,0.017343999897264872
4.0,3.675739434181642,0.32426056581835816,0.32426056581835816
1.0,1.041236009105667,-0.04123600910566694,0.04123600910566694
4.0,3.857171020206183,0.14282897979381692,0.14282897979381692
4.0,3.875396216737691,0.12460378326230881,0.12460378326230881
5.5,4.449623638476055,1.050376361523945,1.050376361523945
5.5,5.640318981523744,-0.14031898152374378,0.14031898152374378
5.5,5.5241983850633645,-0.02419838506336447,0.02419838506336447
7.0,7.0020955310104505,-0.0020955310104504576,0.0020955310104504576
7.0,5.89049074337046,1.10950925662954,1.10950925662954
4.0,3.988264080413804,0.011735919586195909,0.011735919586195909
5.5,4.69993841825705,0.8000615817429502,0.8000615817429502
4.0,4.107489459788429,-0.10748945978842883,0.10748945978842883
7.0,5.8881110667689756,1.1118889332310244,1.1118889332310244
5.5,4.457453991448195,1.0425460085518052,1.0425460085518052
4.0,4.008228154553952,-0.008228154553951761,0.008228154553951761
5.5,4.566977261723894,0.9330227382761063,0.9330227382761063
4.0,4.417556843111631,-0.41755684311163144,0.41755684311163144
5.5,4.587004495483736,0.9129955045162639,0.9129955045162639
7.0,7.007166571941607,-0.0071665719416067475,0.0071665719416067475
7.0,7.017682846132299,-0.01768284613229909,0.01768284613229909
4.0,3.992389122764342,0.007610877235658009,0.007610877235658009
4.0,3.565550990221468,0.43444900977853207,0.43444900977853207
4.0,4.013518003743075,-0.013518003743074658,0.013518003743074658
5.5,5.5156798413993595,-0.015679841399359518,0.015679841399359518
7.0,7.0187288680465985,-0.018728868046598457,0.018728868046598457
5.5,5.60295437869251,-0.10295437869250978,0.10295437869250978
5.5,5.648953017213511,-0.14895301721351117,0.14895301721351117
7.0,7.004619496640176,-0.004619496640176024,0.004619496640176024
7.0,6.990932600561374,0.009067399438626111,0.009067399438626111
4.0,3.7813910637788837,0.21860893622111632,0.21860893622111632
7.0,7.013616157302405,-0.01361615730240473,0.01361615730240473
5.5,5.785775995473347,-0.2857759954733474,0.2857759954733474
4.0,4.115815749892212,-0.11581574989221188,0.11581574989221188
2.5,2.486798445344048,0.013201554655951853,0.013201554655951853
4.0,4.628726207451066,-0.6287262074510664,0.6287262074510664
5.5,5.807009853723567,-0.30700985372356726,0.30700985372356726
2.5,2.667376776412806,-0.16737677641280602,0.16737677641280602
4.0,4.195014447426882,-0.1950144474268818,0.1950144474268818
1.0,1.0915642255497133,-0.09156422554971333,0.09156422554971333
4.0,4.266863691334799,-0.26686369133479904,0.26686369133479904
4.0,3.9712218021429067,0.028778197857093346,0.028778197857093346
2.5,2.4360636542531884,0.06393634574681162,0.06393634574681162
1.0,1.0014950335923298,-0.0014950335923298308,0.0014950335923298308
5.5,5.60974837879239,-0.10974837879239008,0.10974837879239008
7.0,7.02310227080496,-0.023102270804960412,0.023102270804960412
5.5,5.686631215933181,-0.18663121593318088,0.18663121593318088
1.0,1.0705632502305304,-0.07056325023053045,0.07056325023053045
5.5,5.56988746703504,-0.06988746703503956,0.06988746703503956
5.5,5.396741792730554,0.10325820726944634,0.10325820726944634
4.0,3.9980659209285787,0.0019340790714212908,0.0019340790714212908
5.5,5.4760428746843015,0.02395712531569849,0.02395712531569849
1.0,1.1047003003021696,-0.10470030030216959,0.10470030030216959
5.5,5.524786769542471,-0.024786769542471276,0.024786769542471276
7.0,5.768697689182208,1.2313023108177923,1.2313023108177923
5.5,5.670762098131347,-0.17076209813134735,0.17076209813134735
4.0,4.024527496194762,-0.02452749619476169,0.02452749619476169
5.5,5.9433065790520345,-0.4433065790520345,0.4433065790520345
4.0,4.367927419895965,-0.367927419895965,0.367927419895965
2.5,2.497291002295713,0.0027089977042868973,0.0027089977042868973
4.0,5.070147242454952,-1.0701472424549516,1.0701472424549516
2.5,2.54944622750791,-0.049446227507909946,0.049446227507909946
7.0,6.999223782169562,0.0007762178304382417,0.0007762178304382417
5.5,5.5863189843933485,-0.08631898439334851,0.08631898439334851
4.0,4.062116850582555,-0.062116850582555116,0.062116850582555116
5.5,5.518887342044111,-0.01888734204411069,0.01888734204411069
4.0,4.6639075687318625,-0.6639075687318625,0.6639075687318625
1.0,1.087318734449729,-0.08731873444972904,0.08731873444972904
4.0,4.015850282958971,-0.015850282958971285,0.015850282958971285
5.5,5.695626342765501,-0.19562634276550117,0.19562634276550117
4.0,4.0133714267212595,-0.01337142672125946,0.01337142672125946
4.0,4.209487151977008,-0.20948715197700807,0.20948715197700807
7.0,6.877930001590578,0.12206999840942157,0.12206999840942157
4.0,4.3203334987775515,-0.32033349877755146,0.32033349877755146
7.0,6.770963509636013,0.22903649036398743,0.22903649036398743
7.0,6.816789790363581,0.1832102096364192,0.1832102096364192
2.5,2.5839854462596454,-0.08398544625964544,0.08398544625964544
1.0,0.9932299060728776,0.006770093927122356,0.006770093927122356
5.5,5.716318685791387,-0.21631868579138658,0.21631868579138658
2.5,2.4341741031730875,0.06582589682691253,0.06582589682691253
4.0,4.0052556564209265,-0.005255656420926513,0.005255656420926513
1.0,1.0479920717520625,-0.04799207175206255,0.04799207175206255
1.0,0.9843628178541101,0.01563718214588994,0.01563718214588994
5.5,5.8490197788037275,-0.3490197788037275,0.3490197788037275
4.0,4.021884093758911,-0.021884093758910872,0.021884093758910872
4.0,3.6152859533233617,0.38471404667663833,0.38471404667663833
1.0,0.9579430313905236,0.042056968609476386,0.042056968609476386
4.0,4.125756302251633,-0.1257563022516326,0.1257563022516326
2.5,2.4940553537892205,0.005944646210779503,0.005944646210779503
7.0,6.878937116107272,0.12106288389272812,0.12106288389272812
4.0,4.238397406492235,-0.2383974064922354,0.2383974064922354
4.0,3.997147526458277,0.002852473541723022,0.002852473541723022
5.5,5.496996208637942,0.0030037913620581946,0.0030037913620581946
4.0,4.119235735856327,-0.11923573585632674,0.11923573585632674
7.0,6.3939503590116304,0.6060496409883696,0.6060496409883696
4.0,4.218308451727127,-0.2183084517271272,0.2183084517271272
7.0,7.021446333859018,-0.02144633385901784,0.02144633385901784
1.0,1.0070113320544625,-0.007011332054462471,0.007011332054462471
4.0,4.7277000473606945,-0.7277000473606945,0.7277000473606945
1.0,0.9427947139833036,0.05720528601669639,0.05720528601669639
4.0,4.342054034080576,-0.3420540340805758,0.3420540340805758
4.0,3.632371819841487,0.36762818015851284,0.36762818015851284
4.0,4.875458984991225,-0.8754589849912247,0.8754589849912247
4.0,3.9951872315282237,0.004812768471776252,0.004812768471776252
2.5,2.4846774488425374,0.015322551157462616,0.015322551157462616
7.0,6.184911901786562,0.8150880982134376,0.8150880982134376
5.5,5.64747198904103,-0.14747198904102987,0.14747198904102987
5.5,5.840603180340321,-0.3406031803403211,0.3406031803403211
5.5,5.627465579316926,-0.12746557931692593,0.12746557931692593
4.0,3.9942039752891025,0.005796024710897463,0.005796024710897463
4.0,4.004168307992635,-0.004168307992634901,0.004168307992634901
2.5,3.5853984983784635,-1.0853984983784635,1.0853984983784635
7.0,7.010780832548343,-0.010780832548342723,0.010780832548342723
7.0,7.006397271433179,-0.006397271433178808,0.006397271433178808
5.5,5.687700629067531,-0.18770062906753093,0.18770062906753093
4.0,4.304232124683925,-0.30423212468392524,0.30423212468392524
4.0,3.5560235988227182,0.44397640117728177,0.44397640117728177
5.5,5.599013239715382,-0.099013239715382,0.099013239715382
5.5,5.52437188321835,-0.024371883218350376,0.024371883218350376
4.0,4.00798939247551,-0.007989392475510115,0.007989392475510115
4.0,3.805707031488119,0.19429296851188083,0.19429296851188083
5.5,4.578771469672918,0.921228530327082,0.921228530327082
2.5,2.485692013330526,0.014307986669474193,0.014307986669474193
7.0,7.047782624259582,-0.047782624259581574,0.047782624259581574
5.5,5.038527808982017,0.4614721910179833,0.4614721910179833
5.5,4.608332473070064,0.8916675269299361,0.8916675269299361
5.5,4.295681174560118,1.2043188254398816,1.2043188254398816
5.5,5.706391286924986,-0.20639128692498598,0.20639128692498598
5.5,4.395710555006338,1.104289444993662,1.104289444993662
7.0,6.116966242368526,0.8830337576314742,0.8830337576314742
4.0,3.8794119628791264,0.12058803712087363,0.12058803712087363
5.5,5.4999543495945975,4.565040540249754e-05,4.565040540249754e-05
7.0,7.011400199740044,-0.011400199740044137,0.011400199740044137
2.5,2.4907863859730917,0.009213614026908346,0.009213614026908346
7.0,7.011904944807615,-0.011904944807614726,0.011904944807614726
7.0,7.006936588459002,-0.006936588459002024,0.006936588459002024
2.5,3.215956050682701,-0.715956050682701,0.715956050682701
4.0,3.8546297604949245,0.14537023950507555,0.14537023950507555
7.0,7.010995338088148,-0.01099533808814801,0.01099533808814801
4.0,4.651845628635492,-0.6518456286354919,0.6518456286354919
4.0,4.327583328366168,-0.32758332836616777,0.32758332836616777
4.0,4.27424532513171,-0.2742453251317096,0.2742453251317096
7.0,6.974549553683341,0.02545044631665938,0.02545044631665938
4.0,3.9811590044050718,0.018840995594928245,0.018840995594928245
5.5,5.638978879712929,-0.138978879712929,0.138978879712929
5.5,4.462469011719925,1.037530988280075,1.037530988280075
4.0,3.8728948097585008,0.12710519024149924,0.12710519024149924
5.5,5.450006887808026,0.049993112191973665,0.049993112191973665
5.5,6.031652709018451,-0.5316527090184513,0.5316527090184513
5.5,6.637060407370903,-1.1370604073709032,1.1370604073709032
5.5,5.581302813756119,-0.08130281375611936,0.08130281375611936
5.5,5.602770408795166,-0.10277040879516619,0.10277040879516619
4.0,3.5457181469914723,0.45428185300852775,0.45428185300852775
1.0,1.083293329440076,-0.08329332944007595,0.08329332944007595
4.0,3.8022879324238676,0.19771206757613236,0.19771206757613236
5.5,5.989557985650387,-0.48955798565038666,0.48955798565038666
1.0,1.0186225612306925,-0.018622561230692503,0.018622561230692503
4.0,4.409433627280565,-0.4094336272805652,0.4094336272805652
4.0,4.6093418142169895,-0.6093418142169895,0.6093418142169895
4.0,3.984621423882597,0.015378576117402787,0.015378576117402787
4.0,3.9020048866025223,0.09799511339747768,0.09799511339747768
4.0,4.182489381439789,-0.18248938143978943,0.18248938143978943
4.0,3.99794685967791,0.00205314032209003,0.00205314032209003
5.5,5.580887176867752,-0.08088717686775215,0.08088717686775215
4.0,3.9972783097277995,0.002721690272200483,0.002721690272200483
4.0,3.9911343265469386,0.00886567345306144,0.00886567345306144
5.5,6.11682515783915,-0.6168251578391502,0.6168251578391502
7.0,6.906042862660589,0.09395713733941058,0.09395713733941058
4.0,4.560743825563899,-0.5607438255638986,0.5607438255638986
4.0,4.457515756417396,-0.45751575641739617,0.45751575641739617
7.0,7.017592950883417,-0.017592950883416947,0.017592950883416947
2.5,2.553857854933233,-0.05385785493323292,0.05385785493323292
4.0,4.2958673996037104,-0.29586739960371045,0.29586739960371045
2.5,2.4871179805245847,0.01288201947541534,0.01288201947541534
4.0,3.979359208849373,0.020640791150627003,0.020640791150627003
4.0,4.481427394874396,-0.48142739487439634,0.48142739487439634
7.0,7.014961036922764,-0.01496103692276396,0.01496103692276396
2.5,3.5019176113225265,-1.0019176113225265,1.0019176113225265
7.0,7.011871943787966,-0.011871943787966188,0.011871943787966188
4.0,3.982737411853809,0.01726258814619097,0.01726258814619097
1.0,1.0027345596701625,-0.002734559670162451,0.002734559670162451
5.5,5.77192673907001,-0.2719267390700102,0.2719267390700102
2.5,2.4095504865945525,0.09044951340544749,0.09044951340544749
5.5,5.296278187961731,0.20372181203826933,0.20372181203826933
7.0,5.697232658558502,1.3027673414414984,1.3027673414414984
2.5,2.5148268255063364,-0.014826825506336405,0.014826825506336405
1.0,0.9641804892044196,0.035819510795580434,0.035819510795580434
5.5,6.261322672158066,-0.7613226721580659,0.7613226721580659
4.0,4.303236416861732,-0.30323641686173186,0.30323641686173186
4.0,4.569959494427949,-0.5699594944279491,0.5699594944279491
7.0,6.673198064618416,0.3268019353815843,0.3268019353815843
4.0,3.9147375751967504,0.08526242480324964,0.08526242480324964
5.5,4.371686795121827,1.1283132048781734,1.1283132048781734
4.0,4.008294601864972,-0.008294601864972329,0.008294601864972329
5.5,4.704786332292854,0.795213667707146,0.795213667707146
4.0,4.531095643957018,-0.531095643957018,0.531095643957018
1.0,1.0599975412481584,-0.05999754124815837,0.05999754124815837
7.0,6.8759594887052575,0.12404051129474247,0.12404051129474247
4.0,3.5090405141576353,0.4909594858423647,0.4909594858423647
5.5,5.648598544358537,-0.1485985443585367,0.1485985443585367
7.0,6.996659096973531,0.0033409030264692774,0.0033409030264692774
7.0,6.952534442871714,0.047465557128285596,0.047465557128285596
4.0,4.276357221579649,-0.2763572215796488,0.2763572215796488
7.0,6.984177033660265,0.015822966339735345,0.015822966339735345
4.0,3.9889843755239123,0.011015624476087726,0.011015624476087726
1.0,1.069847095122574,-0.06984709512257403,0.06984709512257403
2.5,2.5137103479081335,-0.013710347908133524,0.013710347908133524
7.0,7.00077783094967,-0.0007778309496702107,0.0007778309496702107
4.0,4.006498218505437,-0.006498218505437414,0.006498218505437414
4.0,4.272042350767521,-0.2720423507675207,0.2720423507675207
4.0,4.006022236306356,-0.006022236306355566,0.006022236306355566
4.0,4.001427898507484,-0.0014278985074840378,0.0014278985074840378
4.0,3.9428977750522476,0.05710222494775241,0.05710222494775241
4.0,3.90176728640721,0.09823271359279007,0.09823271359279007
7.0,6.885251443157363,0.1147485568426374,0.1147485568426374
5.5,5.583504886091207,-0.0835048860912071,0.0835048860912071
5.5,5.787404142373445,-0.287404142373445,0.287404142373445
1.0,0.967889380125889,0.03211061987411101,0.03211061987411101
5.5,5.766178318227663,-0.2661783182276629,0.2661783182276629
7.0,6.9982647003772875,0.0017352996227124606,0.0017352996227124606
5.5,5.938954203347031,-0.4389542033470306,0.4389542033470306
5.5,5.708878736710741,-0.20887873671074075,0.20887873671074075
4.0,4.007818361168245,-0.00781836116824497,0.00781836116824497
4.0,4.352392421046446,-0.35239242104644575,0.35239242104644575
1.0,1.065882750721464,-0.0658827507214641,0.0658827507214641
5.5,5.795075570684418,-0.2950755706844177,0.2950755706844177
5.5,5.482577304066393,0.01742269593360657,0.01742269593360657
4.0,3.8405862790097585,0.15941372099024154,0.15941372099024154
7.0,6.181631266945279,0.8183687330547214,0.8183687330547214
2.5,2.365105993432044,0.13489400656795603,0.13489400656795603
7.0,7.004609266594601,-0.004609266594600925,0.004609266594600925
4.0,4.800300555383099,-0.8003005553830986,0.8003005553830986
4.0,3.890814059580142,0.10918594041985807,0.10918594041985807
4.0,3.9866046955667165,0.013395304433283517,0.013395304433283517
5.5,5.722352166695214,-0.22235216669521396,0.22235216669521396
4.0,4.441072422685572,-0.441072422685572,0.441072422685572
5.5,6.037980885435147,-0.5379808854351467,0.5379808854351467
1.0,0.9853672258967913,0.014632774103208734,0.014632774103208734
4.0,4.219360939539586,-0.2193609395395857,0.2193609395395857
4.0,4.201390003472874,-0.2013900034728744,0.2013900034728744
4.0,4.075910371363022,-0.07591037136302159,0.07591037136302159
5.5,5.733765059402504,-0.23376505940250425,0.23376505940250425
4.0,4.624921339930392,-0.6249213399303919,0.6249213399303919
2.5,2.6572447001622757,-0.15724470016227565,0.15724470016227565
4.0,4.454705619720164,-0.45470561972016377,0.45470561972016377
7.0,5.956457551924047,1.0435424480759528,1.0435424480759528
7.0,6.986242921420437,0.01375707857956332,0.01375707857956332
4.0,3.609377543116213,0.39062245688378683,0.39062245688378683
4.0,4.146810230965851,-0.14681023096585122,0.14681023096585122
4.0,3.9456470419245195,0.05435295807548046,0.05435295807548046
4.0,4.564090174188146,-0.5640901741881459,0.5640901741881459
5.5,4.599655899188056,0.9003441008119442,0.9003441008119442
7.0,6.990464350617411,0.009535649382589106,0.009535649382589106
7.0,6.005242564055301,0.9947574359446989,0.9947574359446989
4.0,3.9656228467347776,0.03437715326522239,0.03437715326522239
7.0,6.923221060052329,0.07677893994767082,0.07677893994767082
7.0,6.979498275610521,0.020501724389479392,0.020501724389479392
4.0,3.7613087250290285,0.23869127497097153,0.23869127497097153
4.0,3.9925416938744,0.007458306125600167,0.007458306125600167
2.5,2.572163035797904,-0.07216303579790395,0.07216303579790395
7.0,6.108203573716942,0.891796426283058,0.891796426283058
7.0,6.970025912609177,0.029974087390822746,0.029974087390822746
4.0,4.065771852383317,-0.06577185238331662,0.06577185238331662
4.0,3.9398027839137275,0.06019721608627249,0.06019721608627249
7.0,5.841889556347618,1.1581104436523821,1.1581104436523821
4.0,3.9976377118676387,0.0023622881323612788,0.0023622881323612788
5.5,4.352572642497441,1.1474273575025586,1.1474273575025586
4.0,4.265061882833565,-0.2650618828335647,0.2650618828335647
4.0,4.365982869050717,-0.3659828690507174,0.3659828690507174
4.0,4.077288067275036,-0.07728806727503557,0.07728806727503557
4.0,4.403051917283623,-0.4030519172836229,0.4030519172836229
4.0,4.299068659263531,-0.299068659263531,0.299068659263531
7.0,6.991226548392792,0.008773451607208216,0.008773451607208216
4.0,3.9644188460078666,0.03558115399213335,0.03558115399213335
7.0,6.94311292532765,0.05688707467234977,0.05688707467234977
4.0,4.213595627612469,-0.2135956276124693,0.2135956276124693
5.5,5.73292771131733,-0.2329277113173296,0.2329277113173296
5.5,5.714918459852962,-0.21491845985296187,0.21491845985296187
4.0,4.015630510228743,-0.015630510228742622,0.015630510228742622
7.0,5.863003660881253,1.1369963391187472,1.1369963391187472
5.5,5.214797691363046,0.28520230863695417,0.28520230863695417
4.0,4.000665015974461,-0.0006650159744605588,0.0006650159744605588
7.0,6.451106339946072,0.5488936600539276,0.5488936600539276
7.0,7.07565748297816,-0.07565748297816022,0.07565748297816022
5.5,5.556486123174628,-0.05648612317462831,0.05648612317462831
1.0,0.9976401264712282,0.002359873528771761,0.002359873528771761
7.0,5.898477266265499,1.1015227337345008,1.1015227337345008
1.0,0.9944877495056967,0.005512250494303261,0.005512250494303261
7.0,7.005191106007564,-0.005191106007563562,0.005191106007563562
4.0,3.907310209538836,0.0926897904611641,0.0926897904611641
7.0,6.994849143214916,0.005150856785084201,0.005150856785084201
7.0,7.014819511029113,-0.014819511029113386,0.014819511029113386
4.0,4.040038226577186,-0.040038226577186364,0.040038226577186364
1.0,0.9728518133345807,0.027148186665419294,0.027148186665419294
5.5,5.236596161582768,0.2634038384172319,0.2634038384172319
4.0,4.42676389833094,-0.42676389833093964,0.42676389833093964
1.0,1.0391754754787346,-0.03917547547873457,0.03917547547873457
2.5,3.19660856970069,-0.6966085697006901,0.6966085697006901
4.0,3.9645061635775165,0.03549383642248349,0.03549383642248349
5.5,5.480192400311566,0.019807599688434152,0.019807599688434152
5.5,5.478087120559781,0.021912879440218802,0.021912879440218802
5.5,4.550903164985012,0.9490968350149878,0.9490968350149878
4.0,3.69419551589941,0.30580448410059,0.30580448410059
5.5,5.61600307511531,-0.1160030751153096,0.1160030751153096
7.0,7.016589492865625,-0.016589492865625388,0.016589492865625388
4.0,3.990811092459341,0.009188907540659041,0.009188907540659041
5.5,5.1000975935252875,0.39990240647471254,0.39990240647471254
7.0,6.9971179507122345,0.0028820492877654758,0.0028820492877654758
7.0,6.7663775954430525,0.2336224045569475,0.2336224045569475
2.5,2.4114476270950966,0.08855237290490336,0.08855237290490336
4.0,4.0355210373722885,-0.03552103737228851,0.03552103737228851
4.0,4.492530879723803,-0.4925308797238026,0.4925308797238026
4.0,3.9291369571589727,0.07086304284102729,0.07086304284102729
5.5,6.373997988985941,-0.8739979889859413,0.8739979889859413
2.5,2.610111619122123,-0.1101116191221232,0.1101116191221232
4.0,4.439963050283777,-0.4399630502837768,0.4399630502837768
5.5,4.523553659468821,0.9764463405311794,0.9764463405311794
5.5,4.658276971100894,0.8417230288991062,0.8417230288991062
1.0,1.017326220195212,-0.017326220195212017,0.017326220195212017
7.0,7.004152739654065,-0.004152739654064597,0.004152739654064597
4.0,4.261733882725023,-0.2617338827250233,0.2617338827250233
1.0,1.0158993311130307,-0.015899331113030657,0.015899331113030657
5.5,4.376761592947334,1.123238407052666,1.123238407052666
4.0,3.5646968135787658,0.4353031864212342,0.4353031864212342
4.0,4.341010413617062,-0.3410104136170622,0.3410104136170622
7.0,7.014819993399371,-0.014819993399370901,0.014819993399370901
4.0,4.10902693522413,-0.1090269352241302,0.1090269352241302
1.0,1.0019386420837135,-0.0019386420837135265,0.0019386420837135265
5.5,5.503128474715508,-0.003128474715508034,0.003128474715508034
1.0,1.030641001526785,-0.03064100152678506,0.03064100152678506
4.0,4.042930173748714,-0.04293017374871422,0.04293017374871422
5.5,5.855977060233573,-0.355977060233573,0.355977060233573
2.5,3.665668347231027,-1.1656683472310272,1.1656683472310272
5.5,5.819750023886918,-0.3197500238869182,0.3197500238869182
4.0,4.392997981199038,-0.39299798119903784,0.39299798119903784
4.0,3.863098597791685,0.13690140220831504,0.13690140220831504
5.5,4.175063312636885,1.324936687363115,1.324936687363115
5.5,4.662647364391687,0.8373526356083127,0.8373526356083127
5.5,5.300378234564681,0.19962176543531918,0.19962176543531918
7.0,6.99996557459179,3.442540821030349e-05,3.442540821030349e-05
7.0,6.854628359762055,0.14537164023794524,0.14537164023794524
7.0,5.903629512761855,1.0963704872381452,1.0963704872381452
1.0,1.0134861680804939,-0.013486168080493854,0.013486168080493854
2.5,2.4748403009190594,0.025159699080940623,0.025159699080940623
4.0,4.705227931919171,-0.705227931919171,0.705227931919171
4.0,3.994970907582708,0.0050290924172919915,0.0050290924172919915
4.0,4.697106931770899,-0.6971069317708993,0.6971069317708993
7.0,6.965187002794335,0.03481299720566522,0.03481299720566522
2.5,2.5899719013596654,-0.08997190135966537,0.08997190135966537
5.5,5.504724882707483,-0.004724882707482614,0.004724882707482614
4.0,4.306238613076617,-0.3062386130766166,0.3062386130766166
4.0,4.036724259043188,-0.03672425904318821,0.03672425904318821
1.0,1.0571413808780137,-0.05714138087801368,0.05714138087801368
7.0,5.763882578227669,1.236117421772331,1.236117421772331
4.0,4.759117406795283,-0.7591174067952826,0.7591174067952826
5.5,4.541698357100328,0.9583016428996718,0.9583016428996718
2.5,2.674989627983287,-0.1749896279832872,0.1749896279832872
5.5,4.46444403174283,1.03555596825717,1.03555596825717
1.0,1.104241115434525,-0.10424111543452508,0.10424111543452508
4.0,4.093209761574721,-0.09320976157472138,0.09320976157472138
4.0,3.9186658960592258,0.08133410394077423,0.08133410394077423
7.0,5.81724131212488,1.1827586878751202,1.1827586878751202
1.0,0.9720870411860173,0.027912958813982702,0.027912958813982702
4.0,4.58439570806318,-0.5843957080631803,0.5843957080631803
4.0,4.314647778202021,-0.31464777820202094,0.31464777820202094
5.5,5.689517352710975,-0.18951735271097458,0.18951735271097458
4.0,4.071428976801427,-0.07142897680142735,0.07142897680142735
4.0,4.0062750768649025,-0.0062750768649024735,0.0062750768649024735
7.0,7.001164384396407,-0.0011643843964073142,0.0011643843964073142
2.5,2.4769787820842475,0.023021217915752512,0.023021217915752512
2.5,2.7020778198661404,-0.20207781986614037,0.20207781986614037
1.0,1.027169130688042,-0.027169130688041943,0.027169130688041943
5.5,6.198860584026043,-0.6988605840260433,0.6988605840260433
5.5,5.835594597435099,-0.3355945974350991,0.3355945974350991
1.0,0.9433613007632893,0.05663869923671072,0.05663869923671072
1.0,1.0067406769862504,-0.00674067698625036,0.00674067698625036
4.0,4.10584382830165,-0.10584382830164962,0.10584382830164962
7.0,7.024556698851989,-0.02455669885198919,0.02455669885198919
2.5,2.4821493009037168,0.01785069909628323,0.01785069909628323
1.0,1.0862054759766442,-0.08620547597664419,0.08620547597664419
5.5,4.969127990136393,0.5308720098636073,0.5308720098636073
5.5,5.210729648003632,0.2892703519963682,0.2892703519963682
4.0,4.637912901451719,-0.6379129014517186,0.6379129014517186
7.0,7.009792992581127,-0.009792992581126647,0.009792992581126647
2.5,2.512451483880452,-0.012451483880452141,0.012451483880452141
5.5,5.890589859316933,-0.3905898593169326,0.3905898593169326
4.0,3.990093680024433,0.009906319975566902,0.009906319975566902
7.0,6.310679627335446,0.6893203726645538,0.6893203726645538
7.0,6.9644316611051895,0.03556833889481048,0.03556833889481048
1.0,0.9686971974174116,0.03130280258258844,0.03130280258258844
4.0,3.9951387673185517,0.004861232681448335,0.004861232681448335
4.0,3.9911244074987353,0.008875592501264684,0.008875592501264684
5.5,5.061226991948225,0.43877300805177466,0.43877300805177466
5.5,5.637813420121119,-0.13781342012111875,0.13781342012111875
4.0,4.575885247342993,-0.5758852473429927,0.5758852473429927
7.0,5.95716626095307,1.0428337390469302,1.0428337390469302
1.0,0.9983663743946153,0.0016336256053847142,0.0016336256053847142
7.0,7.010391505448439,-0.01039150544843892,0.01039150544843892
4.0,4.105924761928978,-0.1059247619289776,0.1059247619289776
4.0,4.188252355692188,-0.188252355692188,0.188252355692188
7.0,6.695260399431557,0.3047396005684426,0.3047396005684426
4.0,3.9845164025079214,0.015483597492078616,0.015483597492078616
4.0,3.991152537230782,0.008847462769217884,0.008847462769217884
7.0,6.995329158462713,0.004670841537286918,0.004670841537286918
5.5,5.472624884796542,0.02737511520345759,0.02737511520345759
7.0,6.773615897055533,0.22638410294446665,0.22638410294446665
7.0,7.003698346464196,-0.0036983464641959785,0.0036983464641959785
4.0,4.185894319648696,-0.18589431964869618,0.18589431964869618
4.0,3.4344567406520503,0.5655432593479497,0.5655432593479497
5.5,4.349705786229763,1.1502942137702368,1.1502942137702368
7.0,7.048499224918167,-0.04849922491816727,0.04849922491816727
7.0,6.907462490419354,0.09253750958064622,0.09253750958064622
7.0,7.019784167430874,-0.019784167430874078,0.019784167430874078
4.0,4.015801973142046,-0.01580197314204579,0.01580197314204579
1.0,0.9439354345111401,0.05606456548885985,0.05606456548885985
5.5,5.785339138004275,-0.28533913800427513,0.28533913800427513
7.0,6.988688805541295,0.01131119445870521,0.01131119445870521
4.0,4.090600370622459,-0.09060037062245918,0.09060037062245918
7.0,6.895690957310868,0.10430904268913199,0.10430904268913199
5.5,5.849056651110173,-0.3490566511101729,0.3490566511101729
1.0,1.1647729597671033,-0.16477295976710327,0.16477295976710327
5.5,5.629492215171272,-0.12949221517127185,0.12949221517127185
7.0,7.015882934529066,-0.015882934529066084,0.015882934529066084
4.0,3.8881239516779322,0.11187604832206777,0.11187604832206777
4.0,4.106350436995049,-0.10635043699504898,0.10635043699504898
5.5,5.160232855792126,0.33976714420787424,0.33976714420787424
4.0,3.9931231257734634,0.0068768742265366,0.0068768742265366
5.5,6.108422328321494,-0.6084223283214936,0.6084223283214936
4.0,4.2423892314768485,-0.24238923147684854,0.24238923147684854
5.5,5.460729337197599,0.03927066280240066,0.03927066280240066
4.0,4.1952995616965625,-0.19529956169656248,0.19529956169656248
4.0,4.1186836699846765,-0.1186836699846765,0.1186836699846765
7.0,6.812714932908433,0.18728506709156711,0.18728506709156711
7.0,5.944549036827109,1.0554509631728912,1.0554509631728912
4.0,3.938626403647141,0.06137359635285922,0.06137359635285922
2.5,2.486091846293811,0.01390815370618892,0.01390815370618892
1.0,0.9774868008087505,0.0225131991912495,0.0225131991912495
7.0,6.989008056629071,0.01099194337092868,0.01099194337092868
4.0,3.6067657452701534,0.39323425472984663,0.39323425472984663
7.0,6.984975727844976,0.01502427215502422,0.01502427215502422
4.0,4.050582597165171,-0.050582597165170995,0.050582597165170995
5.5,5.512788378828332,-0.012788378828331837,0.012788378828331837
7.0,6.352031679625427,0.6479683203745727,0.6479683203745727
1.0,1.0171090911523863,-0.017109091152386346,0.017109091152386346
4.0,4.587812237037297,-0.5878122370372969,0.5878122370372969
1.0,0.9927388690424476,0.007261130957552431,0.007261130957552431
4.0,4.002130844505578,-0.002130844505577656,0.002130844505577656
7.0,7.0215486366344315,-0.021548636634431517,0.021548636634431517
7.0,5.646118263827334,1.3538817361726663,1.3538817361726663
4.0,4.366880511830007,-0.3668805118300069,0.3668805118300069
7.0,6.243173207474905,0.7568267925250947,0.7568267925250947
4.0,3.936638350284975,0.06336164971502489,0.06336164971502489
5.5,5.117509815115299,0.3824901848847011,0.3824901848847011
4.0,4.22922064536551,-0.22922064536551012,0.22922064536551012
1.0,1.0732261467682718,-0.07322614676827177,0.07322614676827177
5.5,5.525156952193189,-0.02515695219318914,0.02515695219318914
4.0,4.754059214104042,-0.7540592141040419,0.7540592141040419
5.5,4.6778261387603886,0.8221738612396114,0.8221738612396114
4.0,3.929204807849364,0.07079519215063579,0.07079519215063579
7.0,7.006485535324819,-0.00648553532481877,0.00648553532481877
4.0,3.846377152078035,0.153622847921965,0.153622847921965
7.0,7.012406747682937,-0.012406747682937258,0.012406747682937258
4.0,3.8714496241888856,0.1285503758111144,0.1285503758111144
7.0,7.013143273090927,-0.01314327309092711,0.01314327309092711
7.0,7.002946843862347,-0.002946843862346782,0.002946843862346782
4.0,3.9888945885861804,0.0111054114138196,0.0111054114138196
1.0,1.0335576119560699,-0.03355761195606988,0.03355761195606988
4.0,3.833122542209115,0.16687745779088514,0.16687745779088514
5.5,5.505789659812511,-0.0057896598125113385,0.0057896598125113385
5.5,5.657313381266809,-0.1573133812668086,0.1573133812668086
7.0,6.743379763761784,0.2566202362382164,0.2566202362382164
7.0,7.015029438116489,-0.015029438116489047,0.015029438116489047
4.0,3.9882559675386675,0.011744032461332488,0.011744032461332488
5.5,5.756114273152547,-0.256114273152547,0.256114273152547
4.0,4.610040615447824,-0.610040615447824,0.610040615447824
5.5,5.643081135554526,-0.14308113555452628,0.14308113555452628
7.0,6.841354345004932,0.1586456549950679,0.1586456549950679
5.5,5.784727101986597,-0.2847271019865971,0.2847271019865971
7.0,6.818766504489863,0.18123349551013668,0.18123349551013668
7.0,6.992114087822577,0.007885912177423293,0.007885912177423293
7.0,7.017006944311526,-0.017006944311526162,0.017006944311526162
7.0,6.979855920128889,0.020144079871110776,0.020144079871110776
1.0,0.9742626052787751,0.025737394721224938,0.025737394721224938
5.5,5.781292099705259,-0.2812920997052588,0.2812920997052588
4.0,4.358338056786749,-0.35833805678674935,0.35833805678674935
2.5,2.5957856946799485,-0.09578569467994846,0.09578569467994846
4.0,4.504755081678817,-0.5047550816788169,0.5047550816788169
5.5,5.762938636691082,-0.2629386366910822,0.2629386366910822
2.5,2.4762367970718255,0.023763202928174465,0.023763202928174465
2.5,3.248292010136728,-0.7482920101367281,0.7482920101367281
4.0,4.1899168677069145,-0.18991686770691452,0.18991686770691452
4.0,4.063076555659401,-0.06307655565940085,0.06307655565940085
7.0,5.707701630114386,1.2922983698856143,1.2922983698856143
2.5,2.524200065160113,-0.02420006516011286,0.02420006516011286
4.0,4.084013704172816,-0.08401370417281573,0.08401370417281573
7.0,6.451151304850765,0.5488486951492346,0.5488486951492346
4.0,4.113737485560534,-0.11373748556053442,0.11373748556053442
4.0,4.0780197893437355,-0.07801978934373555,0.07801978934373555
4.0,3.9690214808302096,0.03097851916979044,0.03097851916979044
4.0,4.48777757827157,-0.48777757827156965,0.48777757827156965
4.0,4.541986302069594,-0.5419863020695939,0.5419863020695939
4.0,4.200642423031242,-0.20064242303124225,0.20064242303124225
4.0,3.854661260153307,0.145338739846693,0.145338739846693
7.0,7.004885485673765,-0.004885485673765011,0.004885485673765011
4.0,4.262916298811725,-0.2629162988117253,0.2629162988117253
4.0,3.5537189548716523,0.44628104512834765,0.44628104512834765
4.0,4.058515280235058,-0.05851528023505814,0.05851528023505814
2.5,2.503013478707219,-0.0030134787072189084,0.0030134787072189084
4.0,4.529354851723572,-0.5293548517235722,0.5293548517235722
7.0,7.012463115852643,-0.01246311585264337,0.01246311585264337
5.5,5.6326087284498465,-0.1326087284498465,0.1326087284498465
7.0,6.863743645146503,0.13625635485349719,0.13625635485349719
4.0,4.3239445002288,-0.3239445002287997,0.3239445002287997
5.5,5.211080315787017,0.2889196842129831,0.2889196842129831
7.0,6.994045216505795,0.005954783494204641,0.005954783494204641
5.5,5.53956824124163,-0.039568241241630275,0.039568241241630275
4.0,3.8163791509732685,0.18362084902673148,0.18362084902673148
7.0,7.017236519802769,-0.0172365198027693,0.0172365198027693
1.0,1.0328939535529789,-0.03289395355297886,0.03289395355297886
4.0,3.9837376965359748,0.01626230346402524,0.01626230346402524
5.5,5.6268676173968935,-0.12686761739689345,0.12686761739689345
5.5,4.985269755804067,0.5147302441959329,0.5147302441959329
4.0,3.9142979737738486,0.08570202622615142,0.08570202622615142
7.0,6.263641011901023,0.7363589880989769,0.7363589880989769
4.0,3.9995884428518416,0.0004115571481584368,0.0004115571481584368
2.5,3.3758145282153906,-0.8758145282153906,0.8758145282153906
2.5,2.4181419190044595,0.08185808099554048,0.08185808099554048
5.5,5.634869852255541,-0.13486985225554093,0.13486985225554093
4.0,3.9868013796586648,0.013198620341335232,0.013198620341335232
5.5,5.5253229126835315,-0.025322912683531484,0.025322912683531484
4.0,4.782037977933465,-0.7820379779334647,0.7820379779334647
4.0,4.16870627519419,-0.16870627519419035,0.16870627519419035
2.5,2.4190752913335904,0.08092470866640955,0.08092470866640955
7.0,7.003481688560502,-0.0034816885605017944,0.0034816885605017944
7.0,7.00290315532283,-0.002903155322830031,0.002903155322830031
4.0,4.267349876059285,-0.26734987605928495,0.26734987605928495
7.0,6.188865283338487,0.8111347166615133,0.8111347166615133
4.0,3.877702418516636,0.12229758148336378,0.12229758148336378
4.0,4.0382628472825655,-0.03826284728256546,0.03826284728256546
5.5,5.507905231677773,-0.007905231677773017,0.007905231677773017
4.0,4.712662816484261,-0.7126628164842614,0.7126628164842614
4.0,4.160178517393755,-0.16017851739375466,0.16017851739375466
4.0,4.3825592009729455,-0.3825592009729455,0.3825592009729455
5.5,5.711575310575651,-0.21157531057565127,0.21157531057565127
7.0,6.363616438371297,0.636383561628703,0.636383561628703
2.5,2.6855242748446866,-0.1855242748446866,0.1855242748446866
2.5,2.599848700713848,-0.099848700713848,0.099848700713848
7.0,6.942254747790521,0.05774525220947879,0.05774525220947879
5.5,5.695266306894023,-0.19526630689402324,0.19526630689402324
4.0,4.0158570895819405,-0.015857089581940542,0.015857089581940542
4.0,4.012011029932338,-0.012011029932337713,0.012011029932337713
4.0,3.9938709294090264,0.006129070590973562,0.006129070590973562
4.0,3.8992583186625605,0.10074168133743955,0.10074168133743955
4.0,4.31030837841777,-0.31030837841777004,0.31030837841777004
1.0,1.0052895507726451,-0.005289550772645146,0.005289550772645146
7.0,6.763896448392246,0.2361035516077541,0.2361035516077541
4.0,4.132365731062969,-0.13236573106296934,0.13236573106296934
7.0,6.528844063344112,0.4711559366558884,0.4711559366558884
7.0,6.882895292208781,0.11710470779121884,0.11710470779121884
5.5,5.609905086717991,-0.10990508671799137,0.10990508671799137
5.5,5.772669912677698,-0.27266991267769836,0.27266991267769836
7.0,7.01434089519954,-0.014340895199540071,0.014340895199540071
5.5,5.627840639102786,-0.12784063910278576,0.12784063910278576
4.0,4.082479513278333,-0.08247951327833292,0.08247951327833292
5.5,5.110742608238407,0.3892573917615927,0.3892573917615927
4.0,4.005136288211288,-0.005136288211287976,0.005136288211287976
1.0,1.0825584141768485,-0.0825584141768485,0.0825584141768485
1.0,1.173415709105275,-0.17341570910527504,0.17341570910527504
4.0,3.9994092884358605,0.0005907115641394789,0.0005907115641394789
4.0,3.6679408933824047,0.3320591066175953,0.3320591066175953
7.0,7.006156751365013,-0.006156751365012703,0.006156751365012703
5.5,4.58813847228034,0.91186152771966,0.91186152771966
4.0,3.930161965754522,0.06983803424547785,0.06983803424547785
5.5,4.1841549086952625,1.3158450913047375,1.3158450913047375
5.5,5.419525777043693,0.08047422295630735,0.08047422295630735
4.0,3.9110199935641905,0.0889800064358095,0.0889800064358095
5.5,5.732605849015656,-0.2326058490156564,0.2326058490156564
5.5,6.543167394960039,-1.0431673949600393,1.0431673949600393
4.0,4.104163303322591,-0.10416330332259083,0.10416330332259083
5.5,5.759995736448057,-0.2599957364480572,0.2599957364480572
4.0,4.002732449462552,-0.0027324494625515783,0.0027324494625515783
5.5,5.555874230724935,-0.05587423072493536,0.05587423072493536
2.5,2.655839331568475,-0.15583933156847518,0.15583933156847518
4.0,4.014599764101809,-0.014599764101808965,0.014599764101808965
4.0,3.998276801795541,0.0017231982044592087,0.0017231982044592087
7.0,7.006454910296994,-0.006454910296993965,0.006454910296993965
5.5,5.517854959574058,-0.01785495957405825,0.01785495957405825
4.0,4.008640526183115,-0.008640526183114616,0.008640526183114616
4.0,4.020252368070526,-0.020252368070526217,0.020252368070526217
5.5,4.595233794252763,0.9047662057472374,0.9047662057472374
1.0,0.9574183685540523,0.04258163144594773,0.04258163144594773
4.0,3.9989937820764814,0.0010062179235186264,0.0010062179235186264
4.0,4.539305239148288,-0.5393052391482884,0.5393052391482884
5.5,5.894864484889923,-0.394864484889923,0.394864484889923
7.0,7.019608377634839,-0.019608377634838803,0.019608377634838803
7.0,6.648497446382427,0.3515025536175731,0.3515025536175731
4.0,4.014867304479266,-0.01486730447926643,0.01486730447926643
7.0,6.877524755012508,0.12247524498749218,0.12247524498749218
4.0,4.120741096766406,-0.12074109676640621,0.12074109676640621
4.0,3.9374262913124203,0.06257370868757972,0.06257370868757972
4.0,4.063111182284779,-0.06311118228477941,0.06311118228477941
4.0,4.026636333256567,-0.026636333256567113,0.026636333256567113
5.5,5.997761009216256,-0.4977610092162559,0.4977610092162559
4.0,4.564026804858903,-0.5640268048589032,0.5640268048589032
4.0,4.083995603571216,-0.08399560357121594,0.08399560357121594
5.5,4.895851510647106,0.6041484893528937,0.6041484893528937
7.0,6.987803024675907,0.012196975324092918,0.012196975324092918
1.0,1.0525721288277667,-0.05257212882776674,0.05257212882776674
2.5,2.4733400664369327,0.026659933563067284,0.026659933563067284
4.0,3.9962343705609746,0.003765629439025364,0.003765629439025364
5.5,5.075096317702487,0.4249036822975132,0.4249036822975132
4.0,4.130321102907032,-0.1303211029070317,0.1303211029070317
4.0,4.152342853615521,-0.15234285361552136,0.15234285361552136
4.0,4.381479513203585,-0.3814795132035851,0.3814795132035851
4.0,4.001561842076151,-0.0015618420761507323,0.0015618420761507323
5.5,4.479796757274884,1.020203242725116,1.020203242725116
7.0,7.018389259039411,-0.018389259039411243,0.018389259039411243
1.0,0.9773221246805437,0.02267787531945631,0.02267787531945631
2.5,2.445650743166489,0.054349256833511106,0.054349256833511106
5.5,5.501210043686347,-0.0012100436863473618,0.0012100436863473618
7.0,7.01660444549559,-0.016604445495589815,0.016604445495589815
2.5,2.6238295243499077,-0.12382952434990768,0.12382952434990768
4.0,4.015052091663277,-0.015052091663276812,0.015052091663276812
4.0,4.4957735166691934,-0.49577351666919345,0.49577351666919345
5.5,5.64688801143453,-0.14688801143453034,0.14688801143453034
